-8,20645904541016
0,0693025588989258
3,10197806358337
-1,15623092651367
-6,10015678405762
-0,699292182922363
9,20803833007813
1,18765449523926
1,22694396972656
-7,66487312316895
-8,11350631713867
-2,91557216644287
-4,17756652832031
-2,05498600006104
-4,38952827453613
-5,20788669586182
3,68869972229004
7,70708274841309
2,08586597442627
-6,63320541381836
-0,378021240234375
-5,01915740966797
7,33532905578613
-1,5225658416748
5,22666692733765
7,48474311828613
9,20361518859863
0,700263023376465
1,56974220275879
-8,4876537322998
-5,62134265899658
-4,44944763183594
-7,42451858520508
3,92518973350525
-0,105780601501465
-4,31270503997803
3,91146636009216
-2,96342945098877
-1,56469440460205
0,40310001373291
6,15182113647461
0,316601753234863
-3,11758899688721
-2,81833076477051
0,861882209777832
-4,41861534118652
-1,35356521606445
-5,12042045593262
8,9171028137207
-0,372968673706055
5,83088636398315
-8,82021141052246
6,60800695419312
-2,81288719177246
0,757895469665527
-5,61172485351563
7,19654273986816
3,33538246154785
9,90450096130371
-7,37578201293945
-8,54877853393555
-2,72121334075928
-8,70633888244629
-4,77361297607422
2,11539649963379
7,28387594223022
-8,65113830566406
0,0201406478881836
7,93967437744141
9,29210472106934
-6,31130981445313
-9,75773048400879
-8,93618583679199
-7,74397659301758
9,26936626434326
0,369869232177734
-4,72378826141357
1,3306941986084
3,48323059082031
-5,26553630828857
7,62634706497192
4,62742328643799
-5,52163314819336
-9,98325157165527
7,94861030578613
-6,33824157714844
4,41780805587769
-5,84771156311035
5,27872085571289
-9,10917663574219
-4,35930824279785
0,29302978515625
-3,56418228149414
3,61802816390991
-6,17275428771973
-1,3267650604248
8,92132568359375
5,53877830505371
-4,92032623291016
-1,09759712219238
-3,3953275680542
2,89324736595154
3,89070010185242
7,33464002609253
-6,80319595336914
3,25506186485291
5,84801197052002
-2,81522369384766
-6,54593658447266
4,54001617431641
-1,72385120391846
1,27662563323975
3,735356092453
1,19880294799805
4,04305219650269
-2,24135780334473
8,17322540283203
-0,604759216308594
7,27629661560059
3,31101608276367
-7,43361473083496
0,0237312316894531
4,92190551757813
-5,03520011901855
-5,9404182434082
8,94227027893066
-1,47462940216064
-5,8118724822998
-5,82038116455078
6,66803359985352
-5,11158752441406
-1,75048732757568
2,12472343444824
-7,96586990356445
-9,06314468383789
-8,05620002746582
-9,48723983764648
6,5186710357666
0,019927978515625
-9,43429946899414
8,88394546508789
9,58634567260742
-9,60240936279297
-5,90623092651367
-1,4908971786499
-6,37695503234863
-9,35357284545898
5,828125
8,55355072021484
-6,62375640869141
2,56322622299194
5,5130672454834
0,688467979431152
-0,196410179138184
-6,5614275932312
4,48912811279297
3,02187895774841
-8,10481262207031
-9,10780334472656
-3,83096790313721
7,27859687805176
-4,49787044525146
-5,53741455078125
1,5850076675415
1,39998340606689
-0,567656517028809
3,62731170654297
-2,59134864807129
-7,55550193786621
4,79267597198486
6,95638656616211
-6,75801801681519
8,30098152160645
-9,19601631164551
1,93043327331543
7,23261308670044
-6,24383926391602
9,0477352142334
6,59324407577515
-6,00213050842285
-2,41567039489746
3,17913770675659
-6,18865203857422
1,66736030578613
8,92544746398926
-0,115352630615234
-9,83639144897461
9,18252944946289
3,86904692649841
-0,912443161010742
7,22324371337891
-1,70803451538086
0,275191307067871
3,35929107666016
-5,62161445617676
-8,16312980651855
5,11067581176758
-1,86539554595947
0,524340629577637
-6,99412155151367
6,55323457717896
1,61363697052002
1,05173492431641
7,62727737426758
-0,885220527648926
-0,53444766998291
-9,70404052734375
-3,75934982299805
-7,0165843963623
1,7017993927002
5,32773733139038
-3,10183620452881
-6,36450242996216
-5,5341796875
-7,41563987731934
-3,806809425354
-6,72669219970703
-6,30605506896973
-4,01311492919922
6,8328971862793
-8,71793556213379
9,67051315307617
5,0584888458252
9,60134506225586
-9,43212127685547
5,04940986633301
-7,40963935852051
2,92306137084961
2,39422225952148
-9,14481163024902
7,61523246765137
8,57163429260254
-1,89597702026367
-5,48996734619141
-9,66398620605469
6,91715669631958
0,516470909118652
4,38493919372559
9,94382095336914
-5,75462341308594
-9,96449279785156
6,19415998458862
-1,44474411010742
0,808611869812012
2,53461074829102
2,86140418052673
-6,19690895080566
6,63170051574707
0,467964172363281
9,85431480407715
-6,86482429504395
7,66634178161621
-0,638519287109375
-1,96112060546875
0,470913887023926
9,32303619384766
6,48139190673828
-7,01877164840698
7,50165939331055
6,54337120056152
-5,34594345092773
5,84379196166992
6,98963594436646
-6,25430297851563
-2,45093727111816
-6,11608076095581
8,48082733154297
-1,25879669189453
4,23303127288818
9,64945030212402
7,75660276412964
-5,65089225769043
-7,17050123214722
3,81273031234741
-5,18847465515137
-0,0780067443847656
0,329628944396973
8,16017150878906
1,56484985351563
-7,23823976516724
-8,26673698425293
5,45658111572266
7,48761892318726
8,95732688903809
0,0530586242675781
2,62591123580933
0,183015823364258
2,95187187194824
-6,46271514892578
-7,24656105041504
-8,8286018371582
-6,36820983886719
6,86607551574707
7,24676561355591
0,572558403015137
-6,26400423049927
2,73333311080933
2,60007834434509
-5,98383903503418
-7,51516532897949
8,66628170013428
-8,33633422851563
-7,02551317214966
9,75905418395996
9,36823081970215
1,15468406677246
6,56724500656128
8,89078521728516
-8,58536529541016
-9,75992965698242
-5,86030960083008
1,6554536819458
-7,24636840820313
7,64929962158203
-4,49744319915771
-8,13683700561523
-4,69633197784424
-6,9149112701416
1,50060081481934
-9,55431938171387
-5,59452819824219
-0,536013603210449
8,31996154785156
-8,10685348510742
7,77941179275513
7,45224714279175
3,26563811302185
5,58725547790527
-8,36514663696289
5,42407751083374
5,62378120422363
-6,23817253112793
-1,78760433197021
-0,466590881347656
-5,08093070983887
9,28724670410156
-3,80016708374023
-9,01676368713379
5,12705993652344
9,9383716583252
-4,35906028747559
6,32725715637207
-9,66067123413086
-2,31273746490479
-5,0468807220459
-3,85436916351318
-8,90402603149414
2,72050833702087
-8,6151123046875
-0,689726829528809
5,4109525680542
8,90018653869629
-8,15024185180664
-3,31036186218262
9,59502220153809
4,02848720550537
-9,83657455444336
7,90291023254395
-6,62196683883667
-5,15967845916748
7,67822265625
3,42713117599487
-4,60620021820068
-2,07654857635498
2,35122108459473
-4,87274551391602
0,66445255279541
6,81797456741333
