-6,12695693969727
0,291313171386719
3,58672595024109
5,13632297515869
7,19414710998535
5,73686122894287
5,20107269287109
9,5003776550293
7,26513862609863
7,37435340881348
0,809496879577637
-0,984116554260254
9,34149742126465
-9,13213348388672
5,41770172119141
-6,12769317626953
-2,1219310760498
-1,90522289276123
-2,2575511932373
5,64058494567871
2,41038703918457
-3,16536331176758
1,20772266387939
8,96481990814209
2,64317965507507
-6,18794631958008
2,97086477279663
7,09921312332153
-7,00949668884277
-6,69046592712402
6,99617385864258
-9,77336120605469
9,59259986877441
6,71965360641479
-0,51934814453125
-0,113368988037109
7,02842473983765
0,744246482849121
6,70077514648438
-5,83101081848145
0,939579963684082
9,28406715393066
7,04492139816284
-7,02816009521484
3,45073461532593
5,83516120910645
7,60224342346191
6,18160247802734
-9,99859046936035
-2,28196239471436
-7,64391374588013
7,64120292663574
-4,12112140655518
6,20243453979492
-7,15105056762695
-5,64540386199951
7,21400785446167
9,59204864501953
-4,71765613555908
2,8054256439209
9,2252254486084
9,36751556396484
-0,962320327758789
0,324958801269531
-3,05790042877197
7,11220502853394
2,4026927947998
3,86812663078308
4,93507385253906
9,33824062347412
6,64024353027344
-2,54950141906738
-1,99308967590332
8,62536239624023
-7,24408340454102
-9,86042785644531
-9,18603706359863
-2,62220478057861
-4,09674263000488
0,389651298522949
0,880728721618652
6,50458335876465
-6,19229507446289
-0,440448760986328
6,74530220031738
3,07008934020996
-9,56892013549805
2,3991003036499
2,2456226348877
-8,94216156005859
-8,23396873474121
5,38871002197266
-6,13090085983276
-6,56770515441895
-3,99883651733398
1,77783393859863
-0,66417121887207
-2,55045795440674
-0,182188987731934
-8,81201553344727
0,217398643493652
-5,43412971496582
6,32330131530762
5,87266445159912
6,39274168014526
-4,01604080200195
3,33251452445984
7,99905967712402
-0,292974472045898
7,64751434326172
7,73742866516113
-5,92388153076172
1,99123001098633
4,02742147445679
-3,73298740386963
5,26480674743652
-5,34637451171875
7,61925888061523
-4,8786506652832
0,910759925842285
-1,44502735137939
-5,10211753845215
7,11439847946167
2,38087749481201
-7,7456169128418
-2,67264747619629
-8,3417854309082
8,86054229736328
-0,0746431350708008
5,61779975891113
9,85158729553223
-6,69939231872559
-4,74040126800537
9,61101531982422
7,05180692672729
6,09003067016602
7,14401006698608
-5,90957450866699
6,48491334915161
7,25493955612183
2,89913630485535
-7,21807479858398
1,05259990692139
8,07087135314941
-6,71227264404297
-5,39570617675781
1,77349472045898
8,55089378356934
-2,88437271118164
-4,58595657348633
2,33832740783691
-8,80050277709961
1,43448257446289
-0,403233528137207
-3,80991554260254
-5,41063117980957
-1,28251457214355
-8,84460639953613
-4,67275524139404
-3,2188663482666
5,17492294311523
-0,747109413146973
5,78540802001953
5,75187683105469
-7,27389144897461
4,72366523742676
-8,41976928710938
-9,57278442382813
4,91824150085449
-1,66516208648682
-5,09779739379883
4,55532550811768
9,38466262817383
5,95914840698242
-7,70039033889771
7,10763692855835
2,08230876922607
2,91196322441101
2,24453353881836
9,6936149597168
-1,05880641937256
8,51371765136719
-7,26115751266479
1,79693603515625
5,35617589950562
3,8021445274353
-4,30982685089111
-5,5660514831543
-4,12210369110107
1,75994968414307
-7,12205123901367
-7,1641845703125
8,30162239074707
8,93427658081055
-8,22854614257813
-8,22280693054199
4,69781637191772
3,90529131889343
4,26192760467529
-1,26684284210205
8,53443336486816
5,41218519210815
-6,81348371505737
5,64999771118164
-6,99333000183105
-9,61687850952148
8,66122436523438
8,33425903320313
8,9097785949707
6,76475954055786
-8,39013862609863
-5,77638626098633
-7,1188588142395
5,56023120880127
-2,739013671875
8,91642570495605
-7,68278884887695
6,57028198242188
6,75158500671387
-2,03071022033691
5,82262754440308
-6,21926832199097
1,65922260284424
-8,09760093688965
1,84332752227783
5,73916912078857
9,1059513092041
7,6948184967041
-1,09144592285156
-1,11112499237061
-6,49456214904785
1,37528800964355
-5,73791980743408
8,95508193969727
1,59321212768555
-6,72420692443848
-2,98816108703613
-6,34851264953613
1,52086162567139
6,41550493240356
-5,50506401062012
-1,22285270690918
-6,06617403030396
-1,49809741973877
1,09979724884033
-1,6971549987793
2,82605147361755
9,09127235412598
5,3894305229187
5,69937705993652
-9,76322937011719
-6,30814027786255
0,406149864196777
-1,31890678405762
4,91023540496826
-5,04501533508301
-3,31247901916504
-2,76770973205566
7,02703905105591
6,88153028488159
-5,99359321594238
-3,42222595214844
-1,39172458648682
-5,28799819946289
-4,46070575714111
-7,70082473754883
-6,04494857788086
-9,84091758728027
-6,33517265319824
-4,03179264068604
6,43310308456421
5,25815200805664
5,51654815673828
5,58506488800049
-2,44384860992432
6,81639862060547
3,47526526451111
4,77334499359131
3,16636538505554
8,47155570983887
-0,974406242370605
-2,53224945068359
9,37047481536865
-8,6139087677002
-5,23539543151855
0,954080581665039
6,38786506652832
-4,3559513092041
9,63679504394531
-0,869508743286133
5,5405158996582
3,20571398735046
4,42650032043457
6,5273642539978
-4,24406623840332
-9,02029228210449
9,20781326293945
9,23012924194336
4,2137336730957
-8,79352378845215
-5,9377384185791
-1,29703903198242
-2,89060688018799
-8,44443321228027
6,88770723342896
9,76320266723633
2,33703708648682
-0,935977935791016
-8,7791748046875
2,43196392059326
6,01767730712891
9,88348960876465
2,51016807556152
-3,99815940856934
5,07512807846069
3,06617712974548
-7,3382716178894
5,83792877197266
2,22429847717285
-3,52196598052979
-1,81424045562744
1,14116096496582
3,05836868286133
-5,61859130859375
4,55084800720215
8,70346069335938
-2,99293422698975
1,8781099319458
4,0198278427124
-2,56340599060059
-6,05482292175293
-8,35609817504883
-7,25830268859863
0,158366203308105
8,42996788024902
6,98057889938354
2,75157165527344
0,614503860473633
-6,37700843811035
3,08951139450073
-1,47623157501221
-7,87052917480469
7,68571424484253
7,63009071350098
-2,61812114715576
7,80155181884766
-4,04446697235107
-3,65896606445313
4,86389875411987
3,61654257774353
-7,55343437194824
-0,0706443786621094
2,48837089538574
4,39347982406616
-3,62944030761719
9,54403305053711
9,0294075012207
-8,31693840026855
2,13097190856934
7,87777376174927
-3,3303108215332
-3,90970611572266
-4,59692859649658
2,30641460418701
8,80099296569824
-4,23275089263916
9,50030517578125
3,50422620773315
