-1,2927303314209
7,29151916503906
4,12680816650391
6,64921760559082
5,74018001556396
-7,91086196899414
-5,42458724975586
1,76458930969238
-9,71163558959961
-3,40666675567627
-4,07658195495605
-5,8594913482666
6,76269292831421
6,55709028244019
-6,0848503112793
-0,0849685668945313
-6,94927215576172
-7,15866088867188
-0,712570190429688
-6,35192108154297
-5,48549652099609
-9,66035079956055
0,82213020324707
-1,44350147247314
3,37265729904175
7,34428596496582
-4,09469032287598
-3,03219699859619
-0,168739318847656
-2,419677734375
6,12984085083008
0,180011749267578
-6,95817184448242
-5,93380928039551
-6,86902570724487
-3,63420581817627
7,28588533401489
0,379489898681641
4,75471019744873
7,84558296203613
-4,2299976348877
4,00857448577881
-9,90810012817383
-0,0803937911987305
-7,99715232849121
-3,71220684051514
5,40091991424561
0,460058212280273
4,76563453674316
5,80940723419189
3,5459897518158
-2,02804183959961
-0,488787651062012
3,82567596435547
-1,19028472900391
-5,16953945159912
1,73878288269043
-8,49187088012695
0,206972122192383
9,24512386322021
9,58366394042969
3,92529249191284
-4,48484516143799
-9,22824478149414
-3,42565631866455
2,3718843460083
-1,24811744689941
-1,87929248809814
-9,29696655273438
2,68774962425232
-6,5376091003418
3,52568387985229
-4,62920570373535
-4,78351211547852
5,05406141281128
-6,59362030029297
0,512951850891113
-3,66970157623291
1,85644054412842
9,58980560302734
-8,32013130187988
1,25861740112305
-4,2094841003418
7,99825239181519
5,70831489562988
-4,40571880340576
0,372795104980469
6,79720878601074
-2,30950927734375
0,06646728515625
-5,77504634857178
6,90715360641479
-3,39870834350586
-7,6122899055481
-6,90185546875
-2,92521381378174
-8,23801231384277
-5,31738471984863
0,867537498474121
-0,870429039001465
-2,6246395111084
1,41981220245361
-8,38101387023926
-4,31576633453369
6,98350667953491
-6,24854612350464
-8,07855987548828
2,5699565410614
9,54851150512695
-7,4991626739502
0,396119117736816
-3,54951763153076
-0,326210021972656
-4,59850406646729
-8,8128547668457
-1,88155555725098
-2,16794109344482
-7,42287635803223
3,52195239067078
-0,636311531066895
-9,50068473815918
8,71735000610352
4,32260513305664
-0,588050842285156
3,23757147789001
-0,349613189697266
-1,51808643341064
5,76616477966309
0,968504905700684
3,48215556144714
2,47285938262939
6,11654663085938
5,34556579589844
-5,12493324279785
-8,14189910888672
-2,45417976379395
6,37655687332153
6,87566757202148
-4,08429718017578
-8,92340850830078
-7,35127973556519
3,63007044792175
-5,39447593688965
4,23579692840576
-0,44050121307373
0,0880298614501953
-0,990320205688477
8,79141807556152
-3,68689155578613
7,16823148727417
9,23214912414551
-1,96114635467529
-7,39181518554688
5,99491310119629
8,92442226409912
9,15129852294922
6,27782392501831
3,97659754753113
3,86924242973328
-9,08970832824707
-2,36825084686279
7,40993690490723
-3,34648990631104
8,70617294311523
-4,4326868057251
-6,7467041015625
-9,11010932922363
-8,32937049865723
5,20138502120972
-3,80916500091553
8,57259273529053
7,45913696289063
1,2231388092041
6,80358457565308
3,34268546104431
-4,7379789352417
2,39493942260742
3,21704840660095
3,47006297111511
-0,921148300170898
-7,89221000671387
7,56363105773926
8,19526195526123
-4,01343250274658
-4,39367866516113
-9,19609451293945
-4,08306217193604
5,47731590270996
6,00009918212891
0,636519432067871
3,74895548820496
3,38310956954956
-7,42329072952271
1,52385330200195
-0,49373722076416
-7,88262557983398
-5,79491138458252
9,14849472045898
-3,33271884918213
0,408669471740723
1,38048267364502
-3,98876571655273
8,64657211303711
-1,97025680541992
-2,3370304107666
-1,88177680969238
-0,443057060241699
-6,32376480102539
-7,50535774230957
-5,13475894927979
2,13401889801025
-7,62530326843262
6,12145614624023
-0,367521286010742
0,716253280639648
2,65978789329529
1,97093868255615
0,996242523193359
-8,59030151367188
7,83895254135132
-2,66150093078613
4,79681491851807
-7,24138689041138
-7,5706524848938
-1,9872989654541
6,4836163520813
1,60967445373535
6,91823720932007
-6,18330430984497
2,11232566833496
-2,323655128479
2,44033241271973
-0,0443830490112305
-1,88075637817383
4,22545623779297
6,69173240661621
5,56758642196655
7,08586454391479
7,77292013168335
-6,3563175201416
-2,90251350402832
-4,47646045684814
8,25309562683105
-6,72519493103027
-4,47031593322754
6,46719932556152
3,7063193321228
3,18523383140564
-6,38916969299316
6,53749895095825
1,03150749206543
-5,19073677062988
-3,36815738677979
8,7825984954834
-3,10804462432861
-7,48789596557617
8,47026348114014
8,14134979248047
-1,83077716827393
7,80764579772949
-7,36171293258667
1,33372402191162
8,36112785339355
6,33685302734375
7,95903921127319
3,12727689743042
-2,10106945037842
6,55645561218262
-6,35542869567871
0,439244270324707
-2,21589660644531
4,87237691879272
-5,50377655029297
4,67357397079468
-2,9919376373291
-7,5160026550293
9,60647106170654
0,774847030639648
3,64621615409851
-8,14768600463867
-5,48241424560547
-3,99998092651367
9,75324153900146
-5,81490993499756
8,90785980224609
4,001624584198
-2,58359813690186
-0,906771659851074
-2,05793285369873
4,43826675415039
9,41960525512695
-9,99281311035156
6,10225200653076
2,69477605819702
-9,31393051147461
-7,87402153015137
-5,31823635101318
1,64276027679443
4,32589530944824
-4,63209056854248
-0,413456916809082
-5,09177398681641
8,70028495788574
-2,76431941986084
-4,23917865753174
8,66830635070801
9,46778106689453
2,35924816131592
0,422429084777832
-4,08639812469482
-7,58498954772949
6,76016569137573
4,03070449829102
-7,3947639465332
2,55909895896912
-7,88896751403809
6,15636348724365
-5,9487133026123
-2,9109992980957
-7,35519218444824
4,593505859375
2,25740337371826
-1,30895233154297
-4,20037174224854
2,10128211975098
7,87288427352905
-1,72521209716797
-6,28667402267456
5,0014705657959
-1,26720523834229
-4,24737358093262
2,390061378479
2,33834362030029
-6,20678377151489
4,83860492706299
-5,67553043365479
0,951198577880859
-8,749755859375
3,36883306503296
6,16537284851074
-6,70670509338379
-8,48324012756348
5,62200736999512
-0,387882232666016
-2,0441780090332
5,93937635421753
-0,229124069213867
-4,3815221786499
-1,1008825302124
6,72943544387817
-5,75277137756348
7,55750846862793
-2,63613319396973
-0,0352869033813477
-2,9148473739624
6,46413040161133
-0,78177547454834
-0,0382556915283203
-1,88882255554199
-3,34258651733398
-8,47871971130371
9,81892395019531
1,09392547607422
-0,482090950012207
-4,67126941680908
6,7344708442688
-2,8874340057373
-7,32222032546997
