-0,327733635902405
0,111992001533508
-0,966707229614258
-0,417032361030579
0,258282631635666
0,128789067268372
0,472954720258713
-0,53137993812561
-0,256017804145813
-0,911979913711548
0,0329607725143433
-0,77498197555542
-0,0997985601425171
-0,550395250320435
-0,791777610778809
0,392293661832809
-0,423740267753601
-0,202305197715759
-0,431356310844421
0,692853689193726
0,0709985494613647
-0,543197393417358
-0,499292016029358
0,119635462760925
-0,284829497337341
0,649650096893311
0,932010173797607
-0,604111194610596
0,497045010328293
0,753963470458984
-0,55676531791687
0,520464420318604
0,54084038734436
-0,730439186096191
-0,480195641517639
0,0743609666824341
-0,753824710845947
0,11609947681427
0,452527731657028
0,0209838151931763
-0,636759757995605
0,704201698303223
-0,849271535873413
0,404481142759323
0,923481941223145
0,146580100059509
-0,715707063674927
-0,996766805648804
-0,467605710029602
-0,286974787712097
0,496258944272995
0,328238934278488
0,34090182185173
0,646751165390015
0,473122328519821
-0,947202205657959
0,676964282989502
0,790894031524658
-0,888546705245972
0,828247547149658
-0,832267284393311
-0,574443101882935
-0,42238986492157
-0,983701705932617
0,379337757825851
-0,811086177825928
0,740275382995605
-0,454718947410583
-0,276382565498352
0,886097192764282
-0,720505952835083
0,611280918121338
0,107443451881409
-0,148040652275085
0,268825978040695
0,694432020187378
0,852387189865112
-0,756211042404175
0,324720114469528
0,317426890134811
-0,385602355003357
-0,439039587974548
-0,514153718948364
-0,947294473648071
-0,82960319519043
0,448016852140427
-0,778108358383179
0,307304352521896
-0,17695677280426
-0,371013998985291
-0,903995990753174
0,850533723831177
-0,102042078971863
0,00649535655975342
0,781593084335327
-0,595833778381348
0,561101198196411
0,529096364974976
-0,275328040122986
0,784120082855225
-0,470901131629944
0,46353742480278
0,746842384338379
-0,120949864387512
0,0826412439346313
0,706414222717285
0,100078225135803
-0,323703646659851
-0,172072052955627
-0,975198268890381
0,771561861038208
-0,0569368600845337
-0,440230250358582
-0,982327699661255
0,619043827056885
0,306546419858932
-0,839313983917236
0,519297361373901
-0,0721286535263062
-0,423277735710144
0,907959461212158
0,357482880353928
0,200042366981506
0,311255902051926
0,45268389582634
0,308524817228317
0,182659268379211
0,777340173721313
-0,197232127189636
0,665374279022217
-0,376337170600891
0,238909602165222
0,256872624158859
-0,83076000213623
-0,773760080337524
0,0615674257278442
-0,648207187652588
0,833256721496582
-0,12719738483429
0,322805136442184
0,30582782626152
0,375704973936081
0,560271501541138
-0,550725698471069
-0,977031469345093
0,437508076429367
-0,249036192893982
0,657870054244995
0,479927510023117
0,108574986457825
0,905959844589233
-0,389063239097595
0,786833763122559
-0,651095390319824
-0,828749656677246
0,158873915672302
0,259303063154221
0,0590759515762329
-0,614492416381836
0,365612953901291
0,752622127532959
-0,935055494308472
0,276687353849411
-0,137657523155212
-0,521936416625977
0,938499927520752
-0,457679152488708
-0,948574304580688
-0,870683670043945
-0,685236215591431
-0,287996888160706
0,366850584745407
0,22426450252533
0,358661144971848
-0,344723582267761
-0,775455951690674
0,449486702680588
-0,880787372589111
-0,499952912330627
0,15421450138092
0,952554702758789
0,197979092597961
0,61916446685791
-0,868736267089844
0,772415161132813
0,70100736618042
0,26715013384819
-0,612215280532837
-0,558465242385864
0,866983413696289
-0,0770047903060913
0,13988983631134
-0,805489778518677
0,534827947616577
-0,76952052116394
0,551581621170044
-0,25856626033783
0,0163499116897583
-0,185338377952576
-0,693994045257568
-0,0799764394760132
-0,673652410507202
0,386615246534348
-0,658668994903564
-0,995315551757813
0,517768144607544
-0,369809031486511
-0,910364151000977
-0,638690233230591
0,807756900787354
0,0939887762069702
-0,881095409393311
-0,298389077186584
-0,180511355400085
-0,806578874588013
-0,389237523078918
0,585466146469116
-0,255558133125305
0,505529403686523
-0,264855980873108
-0,728373289108276
-0,0524550676345825
-0,602255344390869
0,577121734619141
-0,0680705308914185
-0,178149104118347
-0,484735608100891
0,163809895515442
-0,999415159225464
0,121555209159851
-0,892058134078979
-0,907431364059448
0,398927420377731
-0,143086791038513
0,379695624113083
-0,572016954421997
0,286947697401047
0,614473819732666
-0,0192030668258667
0,400112122297287
-0,434276700019836
-0,806725025177002
0,508704662322998
0,967806577682495
0,127098441123962
-0,63288140296936
-0,0691982507705688
-0,768426179885864
-0,990011692047119
0,654218912124634
-0,634389638900757
-0,118923783302307
-0,204454302787781
0,9129638671875
-0,328487277030945
-0,221392512321472
-0,271764874458313
0,360492676496506
-0,194887042045593
0,49030539393425
0,316399067640305
0,234804511070251
-0,253316521644592
-0,957631349563599
0,846014738082886
0,39900729060173
-0,978183507919312
-0,622992753982544
-0,632440567016602
0,759966373443604
0,312346667051315
-0,417832732200623
0,112718462944031
-0,41049325466156
-0,898248672485352
0,83073616027832
-0,666834115982056
0,732125043869019
0,98549747467041
-0,84922456741333
0,246243834495544
0,721264600753784
-0,666370153427124
0,400401324033737
-0,896526575088501
-0,07758629322052
-0,358131289482117
-0,138908743858337
0,869138717651367
0,0154680013656616
0,107762932777405
-0,314854741096497
-0,470277428627014
0,902832746505737
0,452738255262375
-0,491218686103821
0,900576591491699
-0,0410629510879517
-0,126136422157288
-0,784791946411133
-0,776199817657471
0,782285451889038
0,377905815839767
-0,101540923118591
-0,50530481338501
-0,782492637634277
0,65062689781189
0,443107336759567
-0,857964277267456
-0,279364466667175
0,18982207775116
0,907329797744751
0,371523588895798
0,456729382276535
0,846242189407349
0,309920519590378
-0,551987648010254
-0,0400718450546265
-0,393144011497498
-0,772838592529297
0,971101522445679
-0,51265549659729
0,463771790266037
0,389097899198532
0,495332449674606
-0,380774140357971
-0,276008725166321
-0,859073400497437
0,832340955734253
0,076593279838562
-0,220811247825623
-0,617720127105713
-0,509493589401245
-0,392949938774109
0,750869750976563
-0,774412393569946
-0,804681777954102
0,451606720685959
0,0703493356704712
0,941756010055542
0,743914365768433
-0,266536593437195
-0,72050666809082
0,237915635108948
0,202601075172424
0,159005522727966
0,587833642959595
-0,435061573982239
-0,540940046310425
0,598196506500244
0,903205394744873
-0,195382714271545
0,796740770339966
-0,90175724029541
-0,415515780448914
0,218787312507629
-0,420912861824036
0,64819860458374
-0,110296368598938
-0,213128209114075
-0,905373096466064
-0,917913436889648
-0,856082916259766
0,967234134674072
0,546696186065674
-0,572139263153076
-0,64918065071106
0,891582727432251
