0,269059181213379
-7,6702709197998
-7,17847394943237
6,86662673950195
1,91768264770508
0,746131896972656
-8,14366149902344
7,39873647689819
-8,1203670501709
7,6646466255188
-3,58506107330322
8,56129455566406
-0,502348899841309
-0,741902351379395
5,53220272064209
4,53870534896851
-7,15509223937988
-0,868216514587402
-1,25691986083984
-1,34272956848145
9,47530746459961
6,56140851974487
5,82144498825073
-1,75042247772217
5,5521821975708
9,33660888671875
6,75574064254761
7,24864959716797
-3,38866138458252
8,92873573303223
-3,31212902069092
0,33148193359375
-8,0073127746582
-8,11361694335938
2,78111910820007
-6,54291582107544
8,1081428527832
4,50007629394531
-2,8852424621582
-0,378976821899414
-3,4166898727417
-5,99599361419678
-1,74827671051025
2,71305274963379
2,65706992149353
6,23680305480957
-3,03473567962646
9,13172912597656
8,53037643432617
-8,08111000061035
-3,53082752227783
-6,4763069152832
4,99107360839844
-8,39728164672852
0,322064399719238
3,3047149181366
4,59749937057495
2,20522499084473
9,44956016540527
1,05258846282959
-0,519508361816406
3,248295545578
-3,47084426879883
2,76449179649353
0,372620582580566
-9,57493782043457
-5,32792091369629
-4,41416168212891
1,18940258026123
8,4501953125
-3,6391077041626
-6,81246757507324
0,77015495300293
-5,8141975402832
-7,10890960693359
-0,00826740264892578
6,51827812194824
-4,98861694335938
8,8399486541748
9,05838203430176
2,46256923675537
3,63816976547241
-7,45989274978638
-4,98536491394043
-3,13264942169189
-9,6017951965332
-0,790072441101074
-9,73833465576172
-5,72869110107422
-4,3900146484375
-3,28634357452393
-7,65190315246582
-6,248450756073
-4,86656284332275
5,00077438354492
7,23690032958984
4,8537015914917
7,54836273193359
-7,48603820800781
-1,20799446105957
-6,87853050231934
2,15431594848633
-1,56755065917969
8,69731712341309
0,335851669311523
-6,88088226318359
3,24867010116577
7,45808792114258
0,849405288696289
5,27906179428101
-7,1222095489502
-7,69305419921875
-6,98848724365234
-0,301603317260742
-7,3531322479248
-4,34384250640869
6,52922105789185
3,85378074645996
2,630038022995
7,52670288085938
2,36007308959961
2,56439924240112
5,18497467041016
-5,26643753051758
-2,07307720184326
8,17875671386719
8,21991920471191
-9,70975685119629
-8,47569274902344
-2,23056411743164
-8,42338562011719
4,74490356445313
8,26405715942383
6,51099729537964
8,04702949523926
4,92838859558105
1,66606998443604
-7,835693359375
8,54551124572754
-6,81459856033325
-2,92291069030762
-8,7717399597168
2,60975813865662
-8,12959289550781
2,66078448295593
-1,05728530883789
6,0617995262146
-0,363617897033691
-0,597768783569336
9,70407676696777
-7,83722686767578
2,77954292297363
7,22855758666992
-5,98213958740234
-3,47874736785889
2,33677768707275
1,24773597717285
9,14888191223145
-4,35485458374023
-9,02867126464844
4,71137237548828
1,95929431915283
-9,21292114257813
-9,15910720825195
5,51621627807617
7,27430105209351
-5,04318237304688
-7,32857513427734
-3,14445114135742
9,4235897064209
2,52245664596558
-7,88362073898315
2,15848350524902
2,85398459434509
-4,72281360626221
-6,59372758865356
2,72540807723999
8,41651916503906
-6,60361289978027
3,16100096702576
-7,11969184875488
4,11115407943726
-8,64890670776367
-6,28487396240234
2,27208709716797
1,60477066040039
9,02750205993652
-3,54952907562256
-0,639768600463867
3,47946619987488
-5,38981914520264
-9,10849380493164
7,37301063537598
-7,41239738464355
2,66891932487488
-6,75833511352539
4,15714263916016
-5,88832092285156
-5,7431173324585
1,38621425628662
4,32800054550171
9,76240539550781
2,56185030937195
-8,91938400268555
-3,75396633148193
8,18388175964355
0,0439682006835938
-8,71490669250488
-5,66493988037109
7,5609130859375
-9,37813758850098
7,0990138053894
1,8239631652832
-2,7573766708374
-5,05919456481934
-1,28219032287598
4,65219259262085
1,1580286026001
-3,10255908966064
-2,10514163970947
-0,0738945007324219
5,07123947143555
7,32840728759766
6,48557662963867
6,63304853439331
-8,53034019470215
-8,80804061889648
-7,74650382995605
-9,48270606994629
7,61703062057495
-6,6658878326416
-0,25856876373291
-6,2904314994812
-6,50330352783203
7,72557020187378
3,70845770835876
7,10589933395386
-0,313371658325195
9,9166145324707
-4,34683418273926
4,616379737854
-6,37918281555176
9,30172729492188
-7,5284366607666
-4,52768898010254
-3,43705272674561
4,97561645507813
6,52866554260254
-5,79844951629639
9,93184566497803
-1,61481475830078
2,39776706695557
9,24003601074219
3,73797178268433
5,93276214599609
-0,683213233947754
-7,41799879074097
3,21699595451355
0,730973243713379
6,38414573669434
0,964427947998047
9,06350898742676
-0,685835838317871
-6,69559478759766
2,55422568321228
8,84147167205811
-5,80508708953857
8,47695350646973
9,80185985565186
-2,55922889709473
4,38827037811279
-2,00841331481934
2,93626284599304
0,266179084777832
1,50460338592529
2,15478324890137
-5,04300117492676
8,86474609375
-8,75636672973633
-6,08325529098511
-7,65425872802734
3,11975932121277
0,960968971252441
-5,12695503234863
-1,46441555023193
9,83514022827148
-0,678325653076172
6,64740037918091
-6,1607551574707
1,66536712646484
-7,81713914871216
-0,22401237487793
6,14406776428223
-8,16409683227539
-4,27312278747559
5,9843921661377
8,65637588500977
5,49625158309937
-8,46414375305176
-5,6132698059082
-3,92105007171631
-6,45542144775391
-3,74896907806396
-9,4064884185791
-5,75334358215332
2,41276359558105
-1,97453117370605
9,09847640991211
5,34081935882568
2,5113627910614
1,47882843017578
1,78017711639404
4,29396152496338
9,10980987548828
6,17751598358154
3,31777334213257
-8,35338401794434
-2,84536266326904
-0,0711288452148438
0,236004829406738
2,61735153198242
7,83900260925293
6,00738525390625
1,16475486755371
-0,0292625427246094
8,28717994689941
-2,19140434265137
-6,19510221481323
-9,3223762512207
-3,39652919769287
3,67268061637878
-9,74996757507324
8,46492576599121
5,19662094116211
8,44503402709961
0,225964546203613
3,14671969413757
-0,118793487548828
0,0893344879150391
-0,72126293182373
8,54898262023926
5,89442443847656
6,18087959289551
6,57234621047974
6,06692314147949
4,02055263519287
-6,21168327331543
6,85377836227417
-5,61250877380371
0,625776290893555
-2,81796550750732
-2,58400344848633
-5,08062553405762
0,783156394958496
-8,10263633728027
3,94160032272339
4,72031354904175
-9,52859497070313
-0,0399074554443359
4,4170355796814
-4,04646492004395
5,77509117126465
-0,547846794128418
-0,134157180786133
6,71464490890503
8,21785736083984
-0,939336776733398
0,988568305969238
