6,55473709106445
2,05730056762695
-8,17389488220215
-6,81924390792847
-8,98764801025391
-2,62874507904053
0,833152770996094
-4,59932422637939
-3,71817207336426
2,0704517364502
2,45773410797119
-6,46205711364746
6,74418973922729
4,20142650604248
1,06066608428955
0,292304992675781
1,58579444885254
2,88155317306519
5,07394313812256
5,21439075469971
4,97251272201538
4,6685266494751
-8,82083702087402
2,70199012756348
5,85257053375244
-8,18503570556641
1,14011669158936
-2,79731178283691
4,98368740081787
1,32991695404053
3,03910708427429
-5,54175853729248
7,85091161727905
9,46690368652344
-1,24770069122314
-1,90254592895508
-8,12187385559082
4,18990612030029
1,84430694580078
3,01045608520508
-7,81003189086914
-9,85044479370117
1,27099132537842
-2,78886222839355
-9,32163429260254
-7,76743698120117
4,84860897064209
6,56049299240112
-3,05706119537354
5,75350284576416
-8,12490463256836
-7,13611793518066
-9,91469955444336
8,97947120666504
-2,00342559814453
-3,86877918243408
-7,9863018989563
9,05741119384766
-9,88866424560547
7,0898551940918
7,87415504455566
-3,8888635635376
6,52932167053223
-1,40926933288574
-2,99453163146973
-7,12100982666016
1,17639446258545
-6,96642351150513
-0,823544502258301
6,73910331726074
7,18073606491089
1,32151699066162
-4,21547794342041
7,26590871810913
0,458303451538086
-7,7204418182373
0,921544075012207
-5,90232372283936
-6,10974836349487
4,04948425292969
3,15606832504272
-3,53637599945068
-6,74176025390625
5,36758184432983
3,05832362174988
-1,01394081115723
-3,20854759216309
-9,54762649536133
-4,82267475128174
-8,18606376647949
4,77779579162598
5,87473630905151
-1,146897315979
3,16674208641052
0,548585891723633
7,72072267532349
-7,21447944641113
-3,91214752197266
4,27719831466675
0,938526153564453
7,84812688827515
-4,31108570098877
-8,97794532775879
-9,73140525817871
8,63484191894531
-2,43580722808838
3,27558279037476
3,53430509567261
-5,98543643951416
4,57304000854492
-6,89385604858398
2,20381355285645
8,82893562316895
-1,16222286224365
1,11702537536621
-3,61324882507324
-0,23283576965332
-4,63982963562012
-6,32805633544922
8,46129894256592
0,425747871398926
-2,04494380950928
6,65906143188477
-4,91196250915527
-5,08849143981934
7,645592212677
8,57409286499023
-7,264732837677
9,71071434020996
-5,06218147277832
4,7069525718689
7,77295637130737
9,85977935791016
-6,15102958679199
3,43571424484253
8,90597820281982
0,899576187133789
1,46083736419678
8,44890403747559
-0,384298324584961
0,153030395507813
-6,5837287902832
3,95679926872253
-8,30798721313477
9,75582122802734
-5,3816556930542
-9,04770660400391
3,98333740234375
6,39600944519043
-2,40719223022461
2,44648551940918
2,97706365585327
1,50750255584717
0,191679954528809
8,36389923095703
-4,79846096038818
7,92667818069458
6,63375616073608
-2,28469276428223
-5,96358776092529
0,28321361541748
-2,02571487426758
8,18062591552734
-3,41416263580322
-1,87379264831543
-0,640460014343262
-3,6696949005127
-6,8975977897644
-4,03300189971924
-2,95833015441895
-0,991550445556641
-3,8400993347168
8,88067054748535
9,21103954315186
4,1962718963623
-7,42538022994995
2,54186606407166
-7,70600318908691
-7,38730955123901
-6,87175941467285
-2,57804489135742
3,14934229850769
6,61058187484741
4,37789678573608
6,43210411071777
0,374564170837402
-9,0501594543457
-5,38008499145508
8,57214164733887
3,07637190818787
0,832830429077148
4,68472003936768
1,71209716796875
9,93910980224609
9,407470703125
2,93989372253418
-4,12475204467773
5,22427320480347
-7,34157991409302
-0,578070640563965
-5,50971984863281
-2,77078247070313
-2,94763946533203
6,3603687286377
4,91803646087646
-4,93481540679932
9,89996910095215
5,81050109863281
2,71916365623474
-8,35660934448242
-3,82449722290039
-8,69327354431152
2,54889464378357
-0,35737419128418
-3,01283264160156
-7,24880027770996
5,44809341430664
5,49766731262207
7,44295835494995
-8,8431510925293
-8,6539363861084
-8,02342224121094
-7,32371520996094
-3,68605709075928
-2,94576549530029
1,54020690917969
-7,59758949279785
9,98079681396484
-2,95365238189697
-7,2470760345459
3,1369731426239
9,88987350463867
-9,56360626220703
-0,0648870468139648
2,29413604736328
4,72761869430542
0,263236999511719
-3,1002721786499
3,82978892326355
7,55306005477905
-9,13862037658691
-2,45411491394043
1,6843786239624
-8,8696460723877
7,88314056396484
-9,58485794067383
-7,5081729888916
1,36985874176025
8,77334976196289
9,30687713623047
-2,40961933135986
-2,93197250366211
1,53388118743896
0,335122108459473
-3,59146213531494
-8,99099349975586
-2,72159004211426
-9,7902946472168
2,89838552474976
-9,74718475341797
4,15334701538086
-7,68802452087402
-3,54488945007324
-2,95137500762939
-2,53876113891602
1,75902938842773
9,33915615081787
9,09740257263184
7,76010704040527
-9,47945022583008
8,96789932250977
-4,76105117797852
-7,21138191223145
-9,17064666748047
-5,0073356628418
5,39479970932007
0,140310287475586
3,01911330223083
-2,82272720336914
-8,20038795471191
7,59372282028198
4,68822002410889
6,29043769836426
5,484778881073
-2,44669532775879
-6,64760589599609
2,16756725311279
-3,83575057983398
-9,52463150024414
1,14657306671143
5,31319808959961
0,82276725769043
-9,79654312133789
-1,85262107849121
-4,70577621459961
-5,47362327575684
-5,23028182983398
-8,13095283508301
7,2268443107605
3,49362349510193
5,60407161712646
6,40235900878906
2,17420673370361
-3,71145629882813
8,80265426635742
6,62762403488159
-4,95908164978027
5,86441230773926
5,95919132232666
-1,26458549499512
6,05473279953003
-7,04963493347168
7,41472005844116
9,9510555267334
-5,3113842010498
8,5921688079834
-4,14889430999756
4,24416065216064
-0,310687065124512
5,73653697967529
-6,2558765411377
1,52651405334473
8,23486137390137
-4,42179584503174
4,93623495101929
4,75080013275146
-3,31564807891846
-2,12482070922852
1,28776931762695
4,61781978607178
-8,91656494140625
-3,50753211975098
7,0322151184082
5,94062566757202
-1,3663854598999
-8,66264724731445
2,93960070610046
1,16438770294189
-9,36754989624023
-8,65264129638672
2,25082492828369
8,68606376647949
-6,75096940994263
9,78849411010742
-2,08234691619873
6,96048927307129
-2,87031269073486
-1,0329065322876
8,25053215026855
-9,31839370727539
4,21689987182617
5,11898040771484
-6,34969282150269
5,09650707244873
1,1589183807373
5,80669403076172
-7,37090635299683
-2,62596988677979
-1,72635650634766
2,7408766746521
-1,19351768493652
-2,69834613800049
6,12997055053711
5,71899604797363
-6,83274078369141
1,90096950531006
7,81965017318726
4,95770931243896
