-7,96447324752808
0,979662895202637
-3,56334781646729
7,93614387512207
-7,90252876281738
-7,51333236694336
-6,39368057250977
0,151129722595215
6,26253318786621
-8,69071960449219
9,53162002563477
-8,52224159240723
2,02317142486572
8,92371368408203
3,93390417098999
-8,24957275390625
-8,97569465637207
3,66721868515015
7,59327125549316
-7,10740089416504
-3,49573516845703
-2,00801277160645
-4,75438213348389
6,31109237670898
-7,0507926940918
-5,32788753509521
-7,10724067687988
6,57047700881958
-1,65323352813721
3,98245573043823
2,67380475997925
-4,04694652557373
8,31633758544922
2,76432967185974
-0,154608726501465
0,965181350708008
1,53026676177979
-5,28506278991699
-6,55097532272339
0,908928871154785
5,62974166870117
-5,3167552947998
9,98124122619629
-2,26807975769043
3,52632713317871
7,73770332336426
-9,12616729736328
-5,57821750640869
-1,9096097946167
3,44617080688477
7,6125693321228
-2,78832054138184
-8,56469345092773
-7,3065013885498
-1,51717090606689
5,47452926635742
1,18988132476807
-7,42356109619141
8,34623146057129
-2,26873016357422
-9,40905380249023
7,91228055953979
8,40408325195313
9,69680309295654
4,56176948547363
3,46394991874695
-7,07437944412231
4,74215030670166
-4,96107196807861
-4,1119327545166
-3,68133926391602
0,541659355163574
-4,34258556365967
5,90524196624756
6,47445869445801
-6,35038185119629
-5,29218196868896
-1,81333446502686
8,60650825500488
-5,10760116577148
5,97487211227417
2,97736358642578
5,93136787414551
-9,85147094726563
-2,73278617858887
-3,08083915710449
-6,49607133865356
3,01310300827026
5,73642730712891
-2,37852478027344
4,29385662078857
-4,92751216888428
-2,58407211303711
5,24204969406128
5,39152145385742
0,217365264892578
2,28290939331055
6,25782442092896
-0,809389114379883
1,85037708282471
-5,71791839599609
9,7620849609375
-7,93158006668091
-4,31652164459229
-3,88885402679443
7,08281517028809
-0,281344413757324
1,46012210845947
-5,69042015075684
8,02185821533203
2,74390196800232
1,29022026062012
5,14100790023804
4,83328056335449
-6,8657112121582
6,28319215774536
4,25360441207886
-5,44792175292969
-2,81203365325928
7,81146764755249
-6,63092613220215
-2,46806240081787
8,52785491943359
5,00278663635254
1,77620029449463
-5,56213188171387
3,2730884552002
-2,54022216796875
-2,2160587310791
2,03466987609863
-7,7819676399231
-1,54296970367432
-0,19114875793457
2,73253893852234
4,14017868041992
-4,9436559677124
7,04694747924805
7,13383865356445
-1,51239967346191
7,0745677947998
9,26678848266602
3,10798835754395
3,22746992111206
7,32452821731567
-9,05776786804199
2,9069972038269
-9,24222564697266
5,28519821166992
8,67050552368164
4,99973487854004
-1,77269077301025
1,81780242919922
2,07215213775635
-6,00471067428589
-5,02516269683838
-1,72591781616211
-0,631426811218262
-3,91224956512451
-1,13504314422607
-2,06705665588379
-5,47838020324707
3,48528099060059
-6,80412101745605
4,22747802734375
4,72588062286377
6,56374931335449
0,986281394958496
4,07185077667236
8,67289352416992
-1,23027229309082
2,44236373901367
8,44271087646484
9,64724540710449
9,71142196655273
8,4822883605957
4,32018756866455
5,8225269317627
-1,7656192779541
-6,3538646697998
-6,93798494338989
0,258770942687988
4,85369205474854
3,1711311340332
9,35981750488281
0,683842658996582
-5,25164127349854
8,99840831756592
2,93042635917664
0,107804298400879
0,300699234008789
4,57032918930054
6,07675313949585
-9,12396240234375
-7,63798713684082
1,8236837387085
-3,64242458343506
7,18760681152344
7,03264236450195
-4,01429557800293
7,47831773757935
2,39696407318115
-9,27750587463379
5,75908660888672
8,5733642578125
3,28678321838379
-7,01416444778442
-3,98305988311768
-4,04969310760498
7,89207887649536
8,7880277633667
-3,57412242889404
1,30992317199707
-4,35853862762451
-2,45822811126709
6,34611558914185
-3,24152851104736
-2,98575305938721
8,61393737792969
-8,28329277038574
3,0725212097168
7,0953221321106
-1,37992763519287
7,11518049240112
6,80627584457397
-9,75897598266602
3,8819739818573
-2,74345779418945
4,42689418792725
8,7834529876709
7,21084594726563
-4,21292686462402
2,43496322631836
2,28254222869873
5,15985679626465
1,90708255767822
-3,94236946105957
9,51943874359131
8,74435615539551
8,69361400604248
1,07628440856934
8,46457672119141
-9,43602752685547
-1,52514839172363
-7,80669736862183
2,62177658081055
5,1171088218689
-5,03358364105225
3,9079806804657
-7,95373487472534
9,26707744598389
-7,40907859802246
4,76371288299561
-7,75336456298828
2,4680700302124
3,55856657028198
-1,40991592407227
9,76594161987305
5,49881172180176
7,2376823425293
-3,7995662689209
7,49938535690308
3,55153799057007
9,33187294006348
-8,81196594238281
0,398651123046875
-9,12726211547852
1,50840187072754
-3,01016902923584
0,572420120239258
2,92327380180359
-8,97098159790039
8,43022155761719
9,08148002624512
-2,15526485443115
-3,04567718505859
6,75762891769409
-8,98494911193848
-7,84184455871582
8,02634716033936
-6,25024604797363
-5,30272483825684
3,9582154750824
0,76905345916748
5,73117733001709
-8,58892059326172
-9,12063217163086
-2,98958396911621
5,59040069580078
-7,55246925354004
2,44067573547363
-8,68718338012695
6,25941801071167
-1,38008975982666
1,94196319580078
-8,12714385986328
4,06700611114502
-9,97361373901367
-9,63415336608887
-7,93988990783691
0,992168426513672
4,9112868309021
-6,44694852828979
-7,93546485900879
-5,78388404846191
-4,35877895355225
7,86911010742188
2,74979090690613
-2,52185726165771
-9,18437194824219
2,51373267173767
-7,8846697807312
2,26930713653564
-8,51687240600586
-9,7775993347168
-9,41933059692383
-3,58957386016846
-4,3419132232666
-9,03894424438477
-3,62417602539063
-4,77840995788574
-4,8497257232666
3,46086692810059
-3,19511985778809
-2,90099716186523
4,33077049255371
-3,32112693786621
-1,70810604095459
8,14523696899414
3,46794581413269
2,66153526306152
-6,45247459411621
-7,6096363067627
6,20861434936523
-4,38088798522949
-9,39813423156738
2,75262331962585
-5,27951049804688
-1,86422920227051
1,45938777923584
8,18249130249023
7,06812858581543
-8,48141479492188
5,22059440612793
-6,53875541687012
-6,514404296875
-3,70794868469238
-3,38703727722168
6,78056478500366
6,03986740112305
-9,47417068481445
7,24420118331909
-6,74416542053223
8,61034774780273
5,79046440124512
-3,14216041564941
-4,15398979187012
-9,09470748901367
9,22160148620605
-5,57460308074951
6,01953268051147
-0,183130264282227
7,78027296066284
-9,8380012512207
8,35795593261719
-1,99948406219482
-6,67437744140625
-2,52098941802979
0,835074424743652
