0,0985771417617798
0,723774909973145
-0,00466501712799072
-0,497185587882996
-0,820589542388916
-0,612561941146851
0,887250900268555
0,208361983299255
-0,136627554893494
-0,357515931129456
-0,760562896728516
-0,0225738286972046
-0,342069268226624
0,788709878921509
0,0183800458908081
0,903619050979614
0,826635122299194
0,710437297821045
0,233662009239197
-0,315326809883118
0,161555409431458
0,102020382881165
0,531365156173706
-0,531147241592407
-0,557716131210327
-0,488734602928162
0,621540784835815
0,566158294677734
0,851971626281738
0,231552243232727
0,482153862714767
-0,380200505256653
0,233815550804138
-0,0867208242416382
0,0225073099136353
0,00772964954376221
-0,362583041191101
-0,814805269241333
0,717582702636719
-0,976417779922485
0,979748725891113
-0,243907332420349
-0,000894427299499512
-0,7183997631073
-0,89864182472229
-0,974433660507202
0,580127716064453
0,420834749937057
0,270842522382736
-0,110817551612854
0,278158873319626
-0,864182233810425
-0,190945267677307
-0,0905376672744751
-0,226198554039001
-0,00997841358184814
-0,415263772010803
-0,697414636611938
0,155348181724548
-0,251888155937195
-0,728822946548462
-0,764211654663086
-0,000641226768493652
0,581443786621094
0,290565937757492
-0,891783952713013
-0,876652002334595
0,732866764068604
-0,821441173553467
0,349964827299118
0,379668444395065
0,314916342496872
-0,1685551404953
-0,747039318084717
-0,34819233417511
0,879395723342896
0,154262185096741
-0,509147167205811
-0,946487903594971
-0,973334074020386
-0,208602070808411
-0,835122585296631
0,858821630477905
0,607318639755249
0,146768689155579
-0,222152352333069
-0,73353385925293
0,307250469923019
-0,0641182661056519
-0,729340314865112
0,264609783887863
-0,223965525627136
-0,583483695983887
-0,257791638374329
-0,972938776016235
-0,639473438262939
0,442953079938889
0,996495485305786
0,489620417356491
0,556812524795532
-0,955639600753784
-0,305272936820984
0,106609225273132
0,806145429611206
0,923292398452759
0,134971261024475
0,880059719085693
-0,0450838804244995
-0,772623300552368
-0,561062812805176
0,359483689069748
-0,889885187149048
-0,846017360687256
-0,632333993911743
-0,806023597717285
-0,265834450721741
-0,363978505134583
-0,685266256332397
0,0150362253189087
0,310421198606491
0,709175825119019
-0,527863264083862
-0,970499753952026
-0,749077081680298
-0,78027081489563
-0,610367059707642
-0,441599488258362
0,143821358680725
0,491524666547775
-0,39723789691925
-0,916636228561401
0,482492655515671
-0,211480498313904
0,0152071714401245
0,417484492063522
0,279279202222824
0,897016048431396
-0,754960298538208
-0,858546018600464
-0,0270496606826782
0,980061769485474
-0,222907662391663
0,131046414375305
0,705826759338379
-0,513796806335449
0,911412000656128
0,810682773590088
-0,21342670917511
0,431510895490646
-0,0457102060317993
0,809118032455444
-0,629255533218384
-0,579038619995117
-0,822066783905029
0,284598082304001
-0,15681779384613
0,371519774198532
-0,777761936187744
-0,903325080871582
0,848655700683594
-0,888562679290771
0,351235121488571
-0,666287422180176
-0,365738272666931
0,796319961547852
-0,0304778814315796
-0,563205480575562
0,0791808366775513
0,172178864479065
0,803016424179077
0,68231463432312
-0,116535782814026
0,807530403137207
-0,439124941825867
0,775730848312378
0,885674715042114
0,578611850738525
0,795995712280273
0,0479224920272827
-0,811169624328613
0,525237321853638
-0,864148855209351
-0,152633786201477
0,389375656843185
0,0792299509048462
-0,837813138961792
-0,308048367500305
0,423086613416672
-0,921501874923706
-0,0490478277206421
-0,648198843002319
0,421970099210739
-0,542537450790405
0,107883334159851
0,378308027982712
0,938576221466064
0,678003311157227
0,906749248504639
-0,60525107383728
-0,247170090675354
-0,349363446235657
-0,437803149223328
-0,879443883895874
0,862670421600342
0,276393860578537
0,608711719512939
-0,626444816589355
-0,142032265663147
-0,899843454360962
0,465625017881393
0,433943957090378
-0,86266303062439
-0,791912078857422
-0,0661071538925171
-0,445060849189758
-0,272380948066711
-0,666749000549316
-0,801251649856567
-0,401108145713806
-0,630879640579224
0,666164875030518
-0,608966827392578
0,463435858488083
0,735366582870483
0,255729645490646
-0,579009056091309
-0,98870325088501
-0,45035183429718
0,689763784408569
-0,117219567298889
0,510438680648804
0,650468826293945
0,592750310897827
-0,772637605667114
0,135604977607727
0,450897425413132
-0,611363172531128
0,264032334089279
-0,625818490982056
-0,458375573158264
-0,844017028808594
0,278689593076706
-0,304402232170105
-0,490446448326111
-0,887001514434814
0,812138557434082
0,930851697921753
-4,56571578979492E-05
-0,304831147193909
0,791101217269897
-0,268341422080994
0,866951942443848
0,881754636764526
0,0709165334701538
0,625532150268555
-0,149487853050232
0,0898703336715698
-0,711379051208496
-0,523642063140869
0,0722061395645142
0,928699254989624
-0,126805663108826
-0,659686803817749
-0,0411916971206665
-0,330300211906433
0,512895345687866
0,729535102844238
0,208057761192322
0,464519470930099
0,0267349481582642
-0,601787090301514
-0,860290765762329
-0,911227226257324
0,872906684875488
0,919808626174927
0,333205193281174
0,6898033618927
-0,344894289970398
0,555937051773071
-0,213435292243958
0,669196128845215
0,0233718156814575
0,928928375244141
-0,614239931106567
0,609216928482056
0,270031422376633
-0,543386459350586
0,434783905744553
0,202199578285217
0,916994571685791
0,00938045978546143
-0,907479524612427
0,647021055221558
-0,478065133094788
-0,477002263069153
0,392242640256882
-0,631611347198486
-0,517313718795776
0,612501859664917
-0,685063600540161
0,840954780578613
0,91722583770752
0,619721174240112
0,146911025047302
0,191637635231018
-0,974896430969238
-0,873340606689453
-0,375166535377502
0,690471649169922
0,642521619796753
-0,870032548904419
0,434277981519699
0,679431676864624
0,327112644910812
0,0504566431045532
0,372472733259201
-0,35986340045929
-0,508193254470825
-0,0673362016677856
0,425696104764938
0,94077467918396
-0,101509928703308
-0,929510354995728
-0,299509882926941
0,789540767669678
0,92762017250061
-0,142092347145081
-0,390498042106628
-0,790417432785034
-0,598063230514526
-0,0326663255691528
-0,195316910743713
0,939972162246704
-0,563538551330566
0,433056801557541
0,523011684417725
0,404458731412888
-0,0149363279342651
0,732178926467896
0,314966887235641
0,236832499504089
0,00896799564361572
-0,602906942367554
-0,537719964981079
-0,802125930786133
0,259644240140915
-0,656568765640259
-0,989952087402344
0,766305685043335
-0,848208665847778
-0,339862704277039
0,534848928451538
-0,6142578125
0,6427903175354
-0,791916847229004
-0,400244116783142
-0,402029633522034
-0,752909660339355
0,0138167142868042
0,892304658889771
0,554116487503052
0,696677207946777
-0,768340110778809
0,379313915967941
-0,0739928483963013
-0,291937232017517
0,338608711957932
-0,657269239425659
