-5,9528636932373
-0,196966171264648
1,12993335723877
0,14799690246582
-4,56912899017334
-9,5465259552002
-0,691410064697266
0,287271499633789
2,29085350036621
8,41642761230469
-4,41136932373047
-4,81191730499268
-1,93452453613281
-9,18265533447266
-6,37892198562622
-8,20695877075195
0,147327423095703
4,31311798095703
-6,3746452331543
7,06929206848145
2,3408899307251
-9,77580833435059
2,17365646362305
8,47897338867188
-9,05868339538574
5,27390003204346
8,99127006530762
4,32222557067871
-9,80272102355957
2,58509826660156
-4,7991189956665
7,91804838180542
9,63330268859863
9,26182746887207
5,1080584526062
4,85687732696533
-0,744580268859863
5,523362159729
8,42454147338867
3,01071882247925
9,7593994140625
7,88125038146973
8,06183624267578
1,24109649658203
5,23494720458984
6,84996366500854
4,82847690582275
2,46347808837891
-9,69010353088379
-3,43813800811768
-7,22076845169067
4,24564361572266
-9,92205429077148
8,40604305267334
3,41332411766052
8,22923851013184
9,66486930847168
4,96029376983643
-2,95581245422363
6,9525260925293
9,95692443847656
6,8756217956543
0,814069747924805
8,54316520690918
-9,59961891174316
-9,69525909423828
-1,38632202148438
-2,72722816467285
0,333794593811035
-2,58974456787109
1,56106853485107
-4,26163101196289
-5,27418613433838
8,9740514755249
-1,45773983001709
-7,96488571166992
9,74620819091797
-6,99422836303711
5,93570232391357
-2,87339115142822
5,89227867126465
-5,90275573730469
3,830890417099
2,62305974960327
1,68331527709961
6,56618309020996
1,46018600463867
-8,65531539916992
0,488800048828125
3,76554465293884
-4,59300899505615
-9,92279434204102
-2,99261951446533
-4,96174240112305
8,82938766479492
2,17898464202881
-2,92922592163086
3,90400862693787
4,04174327850342
9,56818389892578
7,61779356002808
-7,95146179199219
4,98040390014648
4,32614803314209
-3,43953227996826
1,38926887512207
-8,67984390258789
2,86296343803406
1,56015968322754
-3,24887657165527
-5,05600738525391
1,87513446807861
-1,39972305297852
4,41454124450684
9,29048919677734
-2,48446083068848
-3,04570579528809
-4,22328567504883
-5,20933151245117
1,70317268371582
-4,40980052947998
-2,41010570526123
-3,60144710540771
1,74569034576416
-8,59702110290527
0,787505149841309
6,0456485748291
8,41796398162842
3,00791239738464
2,44842910766602
6,77448701858521
9,63989639282227
6,69649314880371
8,06163597106934
2,32165241241455
5,34453868865967
-0,830551147460938
-9,65457534790039
8,86683940887451
-1,71583080291748
1,63758850097656
-2,01783561706543
-4,23465156555176
3,05859065055847
8,70913696289063
-1,953369140625
6,20512390136719
6,69528722763062
-4,2363109588623
-3,92771339416504
-6,3253231048584
0,74822998046875
-6,22701835632324
-2,17673683166504
-5,11140823364258
-1,70900917053223
6,57160520553589
7,59048891067505
3,85256004333496
1,04656314849854
-6,37969017028809
-0,418485641479492
-2,6600227355957
9,08387184143066
-1,3790168762207
2,5885272026062
3,29642271995544
-7,59685325622559
1,22746562957764
-0,07452392578125
-0,591794013977051
6,62470054626465
-7,74328660964966
4,59953308105469
-5,05302619934082
1,20818996429443
7,69200325012207
5,7881236076355
0,00461483001708984
-3,83325481414795
6,05550765991211
8,10300064086914
0,774272918701172
-3,68433094024658
9,55636215209961
6,45619916915894
7,2232551574707
5,43369293212891
9,16279220581055
8,93759536743164
-4,60431003570557
7,33864784240723
-4,47440528869629
6,55438613891602
3,4853789806366
-2,67698192596436
4,51869201660156
-4,53277492523193
-3,22194480895996
-7,17237901687622
-8,39834022521973
4,9174690246582
3,60682678222656
6,92482423782349
-0,433121681213379
0,0338878631591797
-3,63749885559082
3,92296028137207
2,91489100456238
-1,89825439453125
2,09531211853027
-3,32180881500244
-1,7506685256958
-6,5630931854248
-8,77736854553223
5,21700620651245
0,550909996032715
4,3332052230835
-5,05059242248535
-7,46860313415527
1,50490665435791
4,92460966110229
5,93331098556519
-3,05366134643555
-7,4985294342041
0,68489933013916
-3,09012031555176
-5,6060791015625
-0,141359329223633
-4,84200096130371
5,39480924606323
-6,48825645446777
9,91459846496582
-2,76334857940674
-4,81130981445313
0,980748176574707
7,5964183807373
6,81199789047241
-6,50976371765137
-8,89114379882813
-6,33945655822754
3,61153793334961
-6,56753349304199
-4,91335773468018
4,49073553085327
0,441764831542969
6,47777557373047
4,73985433578491
-8,49762344360352
0,132547378540039
-6,84169340133667
3,07650542259216
1,33129024505615
8,58035087585449
-6,95184707641602
3,11357688903809
-1,16854763031006
6,9774341583252
5,66830635070801
-5,19468116760254
7,90499448776245
-8,66604614257813
-4,52049350738525
4,44350433349609
-4,44987201690674
8,4658031463623
6,1998176574707
-1,41162776947021
-9,24362182617188
-8,60840034484863
-4,73086261749268
7,38651466369629
1,79089450836182
-0,976728439331055
-1,27859973907471
-4,97216320037842
8,95314025878906
-3,85264015197754
0,709380149841309
-9,69310760498047
0,89730167388916
-6,46800231933594
-4,45950603485107
-4,99527835845947
6,13165092468262
-6,96391630172729
6,78072929382324
-0,272463798522949
-7,18693542480469
-1,06387233734131
2,54744291305542
7,96001625061035
-5,70186424255371
5,96329689025879
9,84770965576172
-7,88380432128906
-9,7617130279541
4,97775793075562
-5,51322746276855
9,08638763427734
-2,08137607574463
-6,40680122375488
1,9199743270874
8,36124420166016
-6,71392631530762
-8,01796913146973
-3,33596324920654
4,34275150299072
-7,91034269332886
7,33964920043945
-9,12228775024414
5,30898094177246
-7,87900733947754
-7,44248390197754
-9,83243560791016
-5,24848175048828
-5,28475570678711
7,38331270217896
-4,49695014953613
1,13010787963867
0,0870571136474609
-5,14628219604492
5,09965419769287
-0,165520668029785
-9,39961433410645
0,303221702575684
2,42273235321045
9,11452484130859
-7,57904243469238
-6,85872602462769
-4,82256317138672
-8,47233772277832
7,27567434310913
8,93278884887695
5,02559423446655
-1,19495010375977
-1,38431167602539
9,86154365539551
-4,75551986694336
1,60123729705811
-5,46949577331543
5,53380012512207
-5,0803165435791
-3,06006050109863
3,41606116294861
-3,01804637908936
-5,29146194458008
7,90847969055176
1,17696189880371
-9,2866153717041
-8,86118125915527
-9,83873176574707
-4,89223575592041
-3,67062187194824
9,18919563293457
8,92690849304199
-2,95042133331299
3,70871520042419
-2,50838661193848
-1,88880348205566
6,92269325256348
-8,07181167602539
-7,72521209716797
3,31564879417419
6,64969444274902
-2,56070518493652
0,195466041564941
2,79988265037537
