-5,9528636932373
-0,196966171264648
1,12993335723877
0,14799690246582
-4,56912899017334
-9,5465259552002
-0,691410064697266
0,287271499633789
2,29085350036621
7,6893572807312
-4,41136932373047
3,060307264328
-1,93452453613281
-9,18265533447266
-6,37892198562622
-8,20695877075195
0,147327423095703
4,31311798095703
-6,3746452331543
7,06929206848145
2,3408899307251
-9,77580833435059
-5,44622898101807
8,47897338867188
-9,05868339538574
5,27390003204346
8,99127006530762
4,32222557067871
-6,22137260437012
2,58509826660156
-0,0523176193237305
5,38273811340332
9,63330268859863
9,26182746887207
5,1080584526062
0,139423370361328
-0,744580268859863
5,523362159729
8,42454147338867
3,01071882247925
9,7593994140625
7,88125038146973
-9,56781578063965
1,24109649658203
5,23494720458984
-0,200310707092285
4,82847690582275
2,46347808837891
-9,69010353088379
-2,38023853302002
-0,955196380615234
4,24564361572266
-9,92205429077148
8,40604305267334
3,41332411766052
-3,00847434997559
9,66486930847168
4,96029376983643
-2,95581245422363
6,9525260925293
9,95692443847656
2,01990222930908
3,17478895187378
-6,6834545135498
-9,59961891174316
3,08080649375916
-6,95613670349121
-6,73550415039063
0,333794593811035
-2,58974456787109
1,56106853485107
-4,26163101196289
-0,630902290344238
-5,69115447998047
-1,45773983001709
0,259317398071289
-4,92452239990234
4,52394247055054
5,93570232391357
-2,87339115142822
9,21906280517578
-6,19165420532227
3,830890417099
2,62305974960327
-5,22766304016113
6,56618309020996
1,46018600463867
-8,65531539916992
0,488800048828125
3,76554465293884
-4,59300899505615
-3,65322017669678
-2,99261951446533
-4,96174240112305
8,82938766479492
2,17898464202881
-2,92922592163086
-2,74185276031494
4,04174327850342
9,56818389892578
7,61779356002808
-7,95146179199219
4,98040390014648
4,32614803314209
-3,43953227996826
1,38926887512207
0,647316932678223
-7,88716316223145
1,56015968322754
-3,24887657165527
-5,05600738525391
6,42165374755859
-1,39972305297852
4,41454124450684
9,29048919677734
-2,48446083068848
9,25936698913574
-4,22328567504883
-5,20933151245117
1,70317268371582
-4,40980052947998
-2,41010570526123
-3,60144710540771
2,14177989959717
-8,59702110290527
0,787505149841309
6,0456485748291
5,43910026550293
3,00791239738464
2,44842910766602
6,77448701858521
9,63989639282227
6,69649314880371
8,06163597106934
2,32165241241455
3,51290893554688
-0,830551147460938
5,07377815246582
-6,28849029541016
1,23167419433594
1,63758850097656
3,88222455978394
-3,19617366790771
3,05859065055847
8,70913696289063
-1,953369140625
6,20512390136719
6,69528722763062
-4,2363109588623
-3,92771339416504
-6,3253231048584
-9,90353012084961
-5,51153182983398
-2,17673683166504
-5,11140823364258
-5,62436866760254
6,57160520553589
7,59048891067505
3,85256004333496
-3,35447883605957
-6,37969017028809
-0,418485641479492
-2,6600227355957
9,08387184143066
9,84437942504883
2,5885272026062
3,29642271995544
-7,59685325622559
1,22746562957764
-0,07452392578125
-5,34938621520996
5,60115051269531
-7,74328660964966
4,59953308105469
-5,05302619934082
1,20818996429443
7,69200325012207
5,7881236076355
9,92316246032715
-3,83325481414795
6,05550765991211
8,10300064086914
0,774272918701172
-3,68433094024658
9,55636215209961
6,45619916915894
7,78964757919312
-4,68169116973877
9,16279220581055
8,93759536743164
-4,60431003570557
7,33864784240723
-4,47440528869629
-8,26568603515625
3,4853789806366
2,95449709892273
4,78167057037354
-4,53277492523193
-3,22194480895996
-7,17237901687622
-8,39834022521973
4,9174690246582
-1,83723068237305
1,31951904296875
-0,433121681213379
0,0338878631591797
-6,1649112701416
-6,33114814758301
2,91489100456238
-1,89825439453125
2,09531211853027
-3,32180881500244
-1,7506685256958
-6,5630931854248
-8,77736854553223
5,21700620651245
0,550909996032715
-3,6167631149292
-5,05059242248535
-7,46860313415527
1,50490665435791
5,91323852539063
1,67123889923096
-3,05366134643555
-7,4985294342041
0,68489933013916
-3,09012031555176
-7,88625288009644
-0,141359329223633
-7,25728225708008
5,39480924606323
-6,48825645446777
9,91459846496582
-2,76334857940674
-4,81130981445313
0,980748176574707
7,5964183807373
6,23335075378418
-6,50976371765137
-8,89114379882813
-6,33945655822754
3,61153793334961
2,09184265136719
-4,91335773468018
4,49073553085327
0,441764831542969
6,47777557373047
4,73985433578491
-8,49762344360352
0,132547378540039
-2,89441967010498
3,07650542259216
8,0763578414917
8,58035087585449
-1,85940361022949
-8,98679351806641
-4,64395427703857
-0,207337379455566
5,66830635070801
-1,44014453887939
7,90499448776245
-8,66604614257813
-4,52049350738525
4,44350433349609
-4,44987201690674
8,4658031463623
8,72299575805664
-1,41162776947021
6,01597213745117
-8,60840034484863
-4,73086261749268
1,58456420898438
1,79089450836182
-0,976728439331055
-1,27859973907471
-8,60862731933594
8,95314025878906
-3,85264015197754
0,709380149841309
-9,69310760498047
0,89730167388916
-6,12441253662109
-4,45950603485107
-9,65128898620605
0,744586944580078
2,79879331588745
6,78072929382324
-0,272463798522949
-7,18693542480469
-1,06387233734131
2,54744291305542
-7,96915817260742
-5,70186424255371
5,96329689025879
9,84770965576172
-7,88380432128906
-9,7617130279541
-3,55917358398438
-5,51322746276855
9,08638763427734
7,08266019821167
-6,40680122375488
1,9199743270874
-7,23838043212891
-6,71392631530762
-8,01796913146973
-3,33596324920654
5,56371688842773
-7,91034269332886
7,33964920043945
-9,12228775024414
5,30898094177246
-7,87900733947754
-7,44248390197754
-9,83243560791016
-3,78843879699707
-5,28475570678711
7,38331270217896
5,86577892303467
-3,94266223907471
-4,34308624267578
-9,91426467895508
3,13828659057617
-2,67095470428467
5,24812889099121
0,303221702575684
2,42273235321045
9,11452484130859
5,51225423812866
-6,85872602462769
-4,82256317138672
-8,47233772277832
7,27567434310913
8,93278884887695
5,02559423446655
-1,19495010375977
-1,38431167602539
-2,32954597473145
8,31656455993652
-0,828548431396484
-5,46949577331543
5,53380012512207
-5,0803165435791
-3,06006050109863
3,41606116294861
-3,01804637908936
-5,29146194458008
0,0124969482421875
5,65005493164063
-9,2866153717041
-8,86118125915527
1,66837310791016
1,09042263031006
-3,67062187194824
9,18919563293457
8,92690849304199
-2,95042133331299
3,70871520042419
-2,50838661193848
-1,88880348205566
6,92269325256348
-8,07181167602539
-7,72521209716797
3,31564879417419
6,64969444274902
-2,56070518493652
0,195466041564941
-5,05241870880127
