-2,60052299499512
6,74476623535156
1,81607818603516
1,596923828125
9,36185646057129
-7,80528259277344
-6,32737159729004
-3,12452411651611
9,44589996337891
-2,30552291870117
3,71798968315125
6,85310363769531
4,24480628967285
-9,17836380004883
4,3672251701355
8,09545040130615
-1,79930114746094
-9,92399597167969
0,207863807678223
-3,10127830505371
7,2219614982605
-5,6124382019043
6,04684352874756
6,63219022750854
3,63770246505737
8,88299751281738
4,09813117980957
-7,99328994750977
2,42288494110107
1,14991760253906
-0,715895652770996
6,07221603393555
-9,19883346557617
9,2144775390625
3,33993887901306
-6,16803932189941
6,27849578857422
-9,52806091308594
-2,25226783752441
4,51237869262695
8,06789779663086
5,67583084106445
-1,60073375701904
-9,64565467834473
1,49544620513916
-5,21575736999512
1,82889842987061
3,78855466842651
0,0749959945678711
9,31245803833008
-9,77992057800293
-5,75079441070557
-1,85180759429932
-1,84286022186279
-9,50659561157227
-8,02595901489258
2,1831169128418
-2,25897884368896
3,55520224571228
-8,61655044555664
-7,00706052780151
6,77209615707397
-1,09824275970459
3,56499862670898
-9,32126045227051
8,42890548706055
-1,34376430511475
-5,65775680541992
1,58505821228027
-8,52565765380859
-5,14007568359375
4,47564125061035
-4,80375671386719
6,15107297897339
-0,305109977722168
0,0545988082885742
-6,31405830383301
5,95653295516968
-6,08945417404175
0,695351600646973
8,93045425415039
-9,71088790893555
-5,20674705505371
0,564633369445801
9,50420379638672
6,74606513977051
-9,79243469238281
4,78550434112549
1,70336151123047
3,48990416526794
-3,24655151367188
-3,93481636047363
4,15220022201538
3,50959014892578
8,89894676208496
-3,11698055267334
8,82497310638428
-6,79609489440918
7,72933721542358
3,3071563243866
-4,86836528778076
-8,67498779296875
5,10603427886963
-9,75494194030762
-7,64178800582886
-2,41914653778076
-0,0153598785400391
4,76134777069092
6,13919448852539
5,55394172668457
-9,32120513916016
-6,90873908996582
6,80546522140503
-3,48436260223389
0,259002685546875
-8,68816566467285
-9,6240119934082
2,44211578369141
4,49695348739624
-0,000456809997558594
9,66973781585693
-3,63106346130371
2,89685964584351
3,6999626159668
7,1146559715271
-1,08349895477295
-5,9130687713623
8,21554565429688
-6,78177309036255
-2,90357494354248
1,3513126373291
-5,35326480865479
-8,82426261901855
9,8220100402832
-8,29263496398926
1,02387523651123
2,65631175041199
-4,02160263061523
-5,30174732208252
-1,32182216644287
9,22791481018066
-8,68812370300293
2,03161334991455
-2,42448902130127
2,8813624382019
0,975083351135254
0,733271598815918
-7,3414249420166
-8,0882453918457
9,0930004119873
-1,41207313537598
-2,56114864349365
8,13585090637207
4,31199789047241
5,2866792678833
7,92896699905396
-9,93599128723145
-1,90351867675781
-0,570345878601074
-9,5445728302002
5,11380386352539
2,33415699005127
-6,56144142150879
-4,63043308258057
0,0668773651123047
-1,1701831817627
8,82669639587402
-2,63722801208496
4,6507453918457
4,80584335327148
-0,794340133666992
-1,17296123504639
6,22151565551758
-5,00638484954834
-8,66676139831543
8,80932235717773
2,10265254974365
2,24624061584473
8,63232421875
1,67805576324463
-5,4980354309082
1,10535717010498
5,8915114402771
1,50542163848877
3,48917198181152
0,0261363983154297
7,56198883056641
-1,5228853225708
-4,12003898620605
-3,50146865844727
-5,33263969421387
6,49550199508667
9,34081077575684
-3,39623069763184
0,684913635253906
2,62347936630249
2,59656882286072
7,34626007080078
1,56075859069824
7,78175354003906
-3,00439929962158
6,70836973190308
-8,82158470153809
-3,09934043884277
-7,67997312545776
-8,5398120880127
6,19204711914063
1,97824382781982
6,51573896408081
5,97681045532227
-8,98509788513184
-9,38724517822266
-0,744842529296875
-2,54979705810547
-4,97151279449463
-2,57803821563721
-6,4166374206543
0,0566902160644531
-5,48901557922363
-6,59623146057129
1,10558605194092
7,01827764511108
6,12622976303101
-0,960441589355469
2,2089729309082
-7,57571220397949
-8,9329891204834
2,84686541557312
-2,5394115447998
5,01627159118652
-6,56483125686646
2,29219055175781
-6,37275266647339
-7,84766006469727
-3,25912094116211
9,09030723571777
3,77190351486206
-5,4812126159668
-8,38299751281738
1,26390838623047
1,55076599121094
-6,95736360549927
5,47191381454468
6,75228834152222
9,26296997070313
2,66608691215515
3,93252348899841
7,63508796691895
-9,81491088867188
-0,919679641723633
2,88668394088745
-5,74374961853027
8,42318344116211
-9,88945960998535
-7,17447280883789
8,72496032714844
-2,4444522857666
5,41765928268433
-0,973748207092285
-4,83193492889404
4,32747364044189
-4,24866771697998
9,82956123352051
-5,6157112121582
1,32078075408936
-9,80860710144043
-1,57868480682373
-7,05879974365234
-0,803288459777832
3,83120036125183
0,503701210021973
-1,01071453094482
-5,38668632507324
-7,32184410095215
-0,539389610290527
1,59597492218018
-8,32262992858887
8,07534694671631
-6,95927810668945
6,87103462219238
7,28054761886597
-1,0136137008667
6,88705015182495
5,43079137802124
-4,38621616363525
-9,12983894348145
-1,7773494720459
1,15147495269775
7,81980276107788
-1,42451667785645
9,03791809082031
2,45808696746826
-1,30613422393799
-2,51718902587891
-3,6450138092041
1,35639095306396
-0,0443019866943359
-7,1317310333252
-0,0569047927856445
-6,5821533203125
3,93540835380554
-3,37969398498535
-2,12401962280273
-3,24239158630371
2,66295194625854
8,0746955871582
-8,08686256408691
7,34836578369141
2,63501620292664
-5,18672752380371
0,217379570007324
-5,18106460571289
6,96601104736328
6,28548097610474
-0,148695945739746
4,64111328125
-9,0584716796875
7,3598837852478
7,1533031463623
-4,643310546875
4,94856357574463
-1,72622299194336
9,01535034179688
8,46487426757813
-0,805830001831055
3,06022834777832
-8,48138809204102
-0,350409507751465
-1,35246658325195
2,37887001037598
5,8597297668457
-1,95330238342285
8,93097686767578
-9,95279121398926
-2,87320518493652
9,47027969360352
-2,34151744842529
-5,78589248657227
-2,44073963165283
3,84830665588379
-5,58584403991699
-1,89802551269531
1,67391204833984
6,45665884017944
1,35533237457275
-5,05134391784668
4,62986707687378
7,53142118453979
-0,0511064529418945
-7,13564348220825
-9,588623046875
-6,84265565872192
-3,20986843109131
9,7902774810791
1,56820678710938
-6,49704742431641
7,03344345092773
6,42097234725952
3,02306365966797
-3,42624759674072
0,210384368896484
6,81329917907715
-6,774010181427
-0,795387268066406
6,51422500610352
3,63307929039001
8,82625961303711
7,79088973999023
