-6,4683895111084
5,61117649078369
4,60834503173828
-0,339680671691895
-3,97166156768799
4,23202514648438
1,35706520080566
3,19730949401855
6,29018354415894
-5,81154632568359
-8,12100410461426
-7,13400840759277
2,55328631401062
-8,11371994018555
-6,99136924743652
-7,49957847595215
5,43546438217163
-1,95103549957275
-0,95358943939209
-8,4493408203125
-8,1663818359375
1,94487190246582
8,68349838256836
-7,36361312866211
1,4245023727417
8,1999626159668
-8,46637535095215
0,0538768768310547
-0,969752311706543
2,10959339141846
6,37038421630859
-2,94699764251709
-6,04228544235229
8,4799337387085
-6,85347366333008
7,4502010345459
6,30749893188477
3,57518911361694
-8,0663948059082
3,06443667411804
-8,29272842407227
-9,77980804443359
4,39974308013916
-9,26283836364746
-9,81808662414551
-2,96693706512451
5,93270301818848
-3,9371976852417
0,752635955810547
1,19650745391846
2,10618877410889
2,37337017059326
7,24115133285522
-4,26443195343018
-8,60187339782715
-3,64637279510498
8,14135551452637
6,97164726257324
-2,18808746337891
9,76484680175781
-5,46533584594727
-6,97869825363159
5,25951862335205
-9,28541946411133
-9,76703834533691
8,2553596496582
-4,00639152526855
-8,44989585876465
0,486825942993164
1,05175876617432
-8,05598831176758
-3,24201965332031
-9,05102729797363
6,75200462341309
8,80215454101563
-8,11013221740723
-3,44405078887939
4,88938331604004
-2,69487285614014
-0,313381195068359
8,94237518310547
-3,05941009521484
8,40857696533203
-8,42192459106445
9,66930389404297
-3,14652824401855
0,709887504577637
3,18935370445251
-9,06202507019043
6,0611891746521
-2,3531665802002
-1,80012321472168
-9,55722045898438
-2,63807201385498
9,82118797302246
0,814360618591309
-1,58703231811523
4,66170072555542
-0,944887161254883
-8,31385612487793
-6,09521102905273
-6,24977111816406
-2,90337944030762
-0,266212463378906
-7,57326126098633
-3,97842788696289
4,02613830566406
6,22889995574951
0,421890258789063
0,973323822021484
-4,39279937744141
-5,17681884765625
1,63908863067627
-5,41079044342041
4,55289602279663
-5,4704647064209
-0,78553295135498
-3,292799949646
5,11124801635742
-0,824481010437012
4,9891300201416
9,88314437866211
-7,34268188476563
-4,8430643081665
9,82125091552734
-6,99893951416016
3,23037338256836
5,99723815917969
3,29333758354187
-8,03717613220215
-1,77548789978027
3,87858843803406
-6,18993949890137
0,263195991516113
-7,59483766555786
1,17896938323975
1,13410377502441
-7,4044303894043
0,102373123168945
5,35402774810791
-9,81089401245117
-7,35377502441406
7,88271903991699
-9,80913352966309
-2,48445415496826
-3,50414848327637
-0,333786964416504
-3,0321683883667
-6,68870162963867
2,79776072502136
-4,43645858764648
-1,38226127624512
4,4957709312439
-6,00794792175293
9,77708339691162
-2,37304782867432
-3,58439064025879
-0,0263223648071289
-5,93635559082031
-3,53035831451416
-4,52980899810791
-0,196541786193848
1,89689064025879
4,24173545837402
5,05869626998901
2,95650672912598
-7,42558670043945
2,32613468170166
3,62195944786072
3,32741236686707
-9,73173522949219
-9,82862281799316
1,0358419418335
-1,88498878479004
4,90193128585815
-5,7275218963623
-8,31057357788086
2,01537704467773
3,37230181694031
-7,24394035339355
-3,71143245697021
-0,264640808105469
0,0431289672851563
7,78929471969604
-5,58976173400879
-3,13749408721924
3,51937055587769
2,533447265625
6,67885971069336
-2,18289756774902
-6,02619361877441
-0,186038970947266
4,89699363708496
0,874086380004883
-3,29659366607666
-7,11751937866211
8,99473571777344
-1,90920925140381
-6,11417770385742
-6,96390581130981
-1,98478126525879
9,37534332275391
-0,562778472900391
-4,95572662353516
2,55597305297852
-1,98097610473633
-6,84195709228516
3,8075635433197
4,94258117675781
8,69795989990234
3,15931510925293
-1,92562961578369
-5,75393676757813
-8,6939582824707
-1,44545459747314
-1,37350940704346
-3,06413269042969
-1,42241859436035
7,2951717376709
-2,08045101165771
8,93371772766113
-9,79168128967285
4,50420570373535
-9,42380905151367
-4,68535804748535
-6,15462493896484
-6,86205863952637
-1,34461975097656
-6,81680488586426
-1,45260906219482
9,09304618835449
-4,99086761474609
-9,85421371459961
-6,31589126586914
6,41872406005859
-2,18765830993652
-9,80705070495605
1,61884689331055
-5,55756568908691
-9,3442497253418
7,56546211242676
6,73369598388672
-5,86897850036621
-9,17049407958984
-7,25266456604004
7,47645902633667
-1,78259944915771
9,24548625946045
6,47383880615234
0,609155654907227
4,28366184234619
-3,98282146453857
4,07591581344604
-6,97690534591675
8,03525161743164
-5,0637149810791
-2,39301776885986
0,233739852905273
-6,37683439254761
2,48683071136475
4,64260816574097
-6,34976196289063
-7,82270002365112
-4,92341423034668
-1,69445610046387
-6,48562240600586
6,27107191085815
8,6346263885498
8,91251564025879
2,37971210479736
-8,86167144775391
9,40950393676758
-0,770648956298828
-2,20289325714111
-5,75224685668945
-8,98138427734375
1,14448165893555
8,28325462341309
-6,79923248291016
9,35929489135742
-6,78951072692871
6,9732666015625
-9,43137741088867
5,35001754760742
8,32590484619141
-3,13314533233643
5,44015121459961
-6,11710357666016
-7,50087547302246
4,07568693161011
0,633133888244629
1,24351596832275
8,8274974822998
-7,69329261779785
-4,06833744049072
-9,15914344787598
9,73093223571777
-3,13383960723877
-4,93650531768799
9,58699417114258
0,392464637756348
7,80405473709106
0,678423881530762
-8,34692192077637
-0,0246963500976563
-0,144933700561523
4,92607831954956
7,65851545333862
-2,4122371673584
-0,0889883041381836
7,36139297485352
1,37711429595947
-9,40210342407227
-6,95729780197144
9,73410797119141
-4,32869052886963
8,47673416137695
-0,899663925170898
-0,536237716674805
-5,50346183776855
7,39226102828979
1,29625415802002
-4,66826820373535
-9,53849983215332
-8,59486389160156
1,63206195831299
2,37852954864502
-1,86212921142578
4,20069885253906
1,33547210693359
6,0087890625
4,41983413696289
3,05806875228882
9,05671882629395
6,58818960189819
4,02748584747314
-9,2752628326416
-9,26933670043945
-0,311838150024414
6,43553495407104
-0,888360977172852
3,66436457633972
-1,57333278656006
8,36884689331055
1,70123958587646
6,53334617614746
-8,83384895324707
7,94590950012207
-4,29382705688477
-0,877841949462891
-4,4878396987915
9,71511363983154
-2,06344699859619
1,85879135131836
9,65850830078125
3,59775519371033
-3,54660415649414
4,2683048248291
-3,19077587127686
-2,95209789276123
7,40778398513794
-0,328706741333008
-0,118776321411133
-7,2570652961731
7,65784025192261
-0,705098152160645
-2,93246173858643
-4,61281204223633
