0,53235912322998
1,76201915740967
9,11934280395508
-7,68640947341919
-1,93712329864502
-6,40563011169434
-6,66151809692383
6,75886344909668
3,75589346885681
6,67339086532593
-0,0509157180786133
-9,48609161376953
-8,83519172668457
6,47285652160645
-5,36826610565186
0,518861770629883
0,934938430786133
-0,305481910705566
8,21649932861328
-2,37752819061279
-3,23312854766846
6,69340562820435
-1,98549365997314
7,76193380355835
1,10969161987305
4,58745718002319
-1,8340311050415
-9,7863655090332
5,80991506576538
-0,871335029602051
-2,20400905609131
5,37613391876221
-9,53391647338867
-2,28067779541016
-1,56167888641357
-1,04501628875732
-0,0873908996582031
-5,67619323730469
-4,63612174987793
-1,62519073486328
-1,82170486450195
9,84980773925781
-8,87148666381836
7,11371183395386
0,0423011779785156
-1,24300861358643
-8,3168773651123
7,08441495895386
8,84692192077637
7,31402587890625
3,84939908981323
-7,03763198852539
2,8489396572113
2,36312294006348
-3,40951061248779
7,92320251464844
3,06527853012085
-2,53310775756836
-3,83572196960449
-7,19456672668457
9,20395278930664
9,72765350341797
-3,5181245803833
-2,92347526550293
2,32479476928711
3,92345404624939
-5,43916893005371
0,772582054138184
-7,13178205490112
7,05075454711914
-3,82262802124023
2,85694098472595
-7,65204620361328
-1,68671035766602
7,86144256591797
4,91888523101807
-4,71372509002686
-8,74542045593262
3,72760963439941
-2,97990894317627
6,6387767791748
5,12900543212891
-9,83963966369629
-8,49843788146973
-1,44883251190186
-6,65873336791992
-5,90199947357178
0,719956398010254
4,69071865081787
5,59385061264038
3,03641772270203
8,11111640930176
-6,4580135345459
3,71738195419312
1,46993732452393
8,62186431884766
-9,25536155700684
8,34756851196289
0,361667633056641
-8,03125381469727
0,434604644775391
1,10401725769043
-7,19180297851563
9,83255386352539
1,77637481689453
-9,05234146118164
9,25300979614258
-6,81325149536133
1,62090682983398
1,47221183776855
-2,27646446228027
1,32708168029785
-3,03294563293457
2,47176742553711
1,11132526397705
-1,07761287689209
-6,94525718688965
-2,2832145690918
9,70150184631348
2,26288414001465
-9,34264183044434
5,87840795516968
7,54422187805176
6,19275093078613
-4,60435485839844
-6,96912002563477
9,93037700653076
6,92481231689453
-3,29212284088135
-7,34944534301758
-0,0615158081054688
-5,6607551574707
-6,78759050369263
-2,18183898925781
-6,97671461105347
-9,54999732971191
5,02107620239258
-4,92934322357178
-8,1029052734375
4,62666988372803
6,46508407592773
-2,86165618896484
7,06728935241699
6,8311710357666
4,8519492149353
-8,15388870239258
3,36068606376648
-6,00971221923828
-2,36940479278564
-8,77611923217773
5,57281017303467
-7,27413368225098
9,93259620666504
-4,786452293396
5,35094451904297
-4,88608741760254
-6,43611907958984
-5,73049545288086
-4,12109756469727
-3,07467079162598
1,31723499298096
7,40439939498901
2,15707397460938
-1,15457630157471
5,09151935577393
6,48051452636719
0,648494720458984
7,46533155441284
7,51267623901367
-1,30708599090576
3,83095240592957
-1,24898815155029
8,5851879119873
-6,85158920288086
2,3132791519165
7,28970718383789
7,16829299926758
5,18083763122559
-9,17650604248047
-5,53149700164795
3,94506907463074
-5,79664993286133
-2,54794502258301
5,30280113220215
4,71458196640015
-6,51174354553223
5,82496643066406
-0,846158027648926
4,52752590179443
-2,73781871795654
0,871795654296875
-4,90219974517822
-3,61191844940186
-3,95534420013428
4,70308065414429
-0,640853881835938
-5,09554100036621
3,83975219726563
-7,8522891998291
-3,29251861572266
-0,746365547180176
1,87711811065674
7,28591918945313
6,13672637939453
0,259257316589355
1,90147495269775
-0,384921073913574
9,97905731201172
-7,83280563354492
3,96489858627319
8,5672664642334
-1,1901273727417
8,99819850921631
9,92327690124512
3,6389274597168
-2,99243068695068
-9,10596466064453
5,39069366455078
3,11735606193542
-7,59775590896606
4,29386854171753
-5,40748119354248
1,88393688201904
8,75622749328613
-8,69094467163086
2,68963575363159
-5,44821548461914
-4,28455257415771
1,70330429077148
5,4910945892334
-3,17097568511963
-3,17929649353027
0,335024833679199
-7,48077583312988
-6,35295438766479
-8,72018432617188
-0,656872749328613
-9,62921333312988
2,29957008361816
3,56932139396667
6,93195533752441
3,20610761642456
5,26763439178467
-5,81592559814453
-9,13495826721191
6,39215660095215
1,6319694519043
2,59687614440918
0,866731643676758
0,866819381713867
1,59398460388184
1,61349678039551
-1,23219871520996
5,65468978881836
9,52579879760742
0,328291893005371
-0,217419624328613
6,85647010803223
-6,90946769714355
-0,595406532287598
-1,41740703582764
-4,15953731536865
-9,5823860168457
6,53306007385254
4,16964721679688
8,58412551879883
-4,61637592315674
-7,94338226318359
5,13352870941162
-0,137547492980957
-9,56905555725098
-0,823284149169922
2,71558523178101
-7,42179679870605
4,48025226593018
4,36759948730469
5,68940353393555
-6,40661668777466
8,34417152404785
-2,16706371307373
-9,47733116149902
-9,93093299865723
5,53585052490234
1,98163604736328
-8,57540321350098
8,07588958740234
-0,912145614624023
-2,80673408508301
2,98151469230652
9,75519943237305
-4,39014053344727
5,24935245513916
4,71162796020508
3,29990363121033
-8,29754829406738
4,69124794006348
9,35770034790039
1,04776000976563
0,0793466567993164
4,90509748458862
-4,71663856506348
-3,01894283294678
-9,0770263671875
-8,67217636108398
-2,49353790283203
6,93848085403442
-9,17329788208008
0,977788925170898
2,11506271362305
8,01620292663574
2,98558688163757
4,47008323669434
-1,94174671173096
-4,74394226074219
3,52299666404724
-8,54878234863281
5,35811901092529
-7,59154510498047
-3,70318794250488
4,72640228271484
2,30129146575928
-7,64457702636719
8,21638298034668
5,15190839767456
6,4261360168457
8,77986431121826
1,90042591094971
-7,04178810119629
4,38754558563232
-7,55831718444824
7,39163398742676
5,9748363494873
-4,25849533081055
-4,43182373046875
2,87674140930176
-6,70920562744141
-4,84420394897461
0,195480346679688
7,3746509552002
0,434642791748047
-6,8017406463623
-9,47810173034668
6,34350252151489
2,76828265190125
-8,87682151794434
3,12462782859802
2,94009923934937
7,10514497756958
-7,50506401062012
-8,33696746826172
3,25576758384705
4,07925367355347
-1,88335990905762
0,125919342041016
-7,79701232910156
9,00074005126953
-0,835875511169434
-2,55756282806396
-7,3516960144043
-7,62713623046875
1,65158176422119
-3,11680698394775
7,44583129882813
-6,3298397064209
-0,205348968505859
5,87303161621094
8,53482437133789
-9,74832344055176
