-8,08723640441895
1,63453960418701
9,82851791381836
-7,75896072387695
-4,1585054397583
-0,889972686767578
-8,95758819580078
-6,39218521118164
-6,56618118286133
7,35008001327515
-9,07282829284668
-1,55874347686768
3,43694663047791
-3,63926315307617
7,66778945922852
2,76041007041931
9,66143417358398
3,28520274162292
7,71135759353638
-6,66701126098633
0,0798025131225586
1,5227689743042
5,86346387863159
-5,96561431884766
-2,51029586791992
3,24841260910034
-2,6505765914917
-0,10846996307373
-0,400394439697266
7,60404348373413
-3,66358375549316
4,42051410675049
5,39344024658203
-5,75131607055664
8,94962310791016
1,33679485321045
-0,434221267700195
-8,39797973632813
4,08712148666382
0,886078834533691
-9,30990982055664
-2,62607002258301
-9,58858871459961
8,52989959716797
9,69512176513672
9,77197647094727
-7,29617309570313
7,44133949279785
4,4439172744751
9,99290657043457
-8,00423049926758
3,17965698242188
8,47191047668457
0,242914199829102
-5,6088809967041
8,61589622497559
4,3316125869751
-0,86811637878418
-3,52072143554688
-8,31655502319336
-5,43680381774902
5,00360488891602
9,18967723846436
-4,30028057098389
1,6128625869751
8,69218826293945
-4,06342601776123
6,34838533401489
-3,01226997375488
3,55621099472046
-0,119098663330078
-2,27671051025391
-7,94392395019531
1,53421306610107
5,20190238952637
2,94466948509216
0,281781196594238
8,81247329711914
-8,85098648071289
-3,53727436065674
9,74776268005371
9,92568969726563
3,49040746688843
-3,44665431976318
-2,15331172943115
1,33686923980713
-3,23526954650879
0,797859191894531
3,47685575485229
6,93936109542847
-9,4637336730957
-0,566662788391113
-2,26040267944336
-5,02932548522949
-8,79016876220703
7,81523895263672
-9,35877990722656
-5,61096382141113
-0,194040298461914
-4,38358879089355
-8,08830451965332
5,07391166687012
1,74170589447021
1,09906768798828
-8,32267379760742
-4,03933143615723
-5,9281177520752
-9,57590866088867
-0,0869073867797852
-9,93166923522949
7,02425956726074
-8,23052978515625
3,10921168327332
-8,45926475524902
-8,10144805908203
-0,516754150390625
3,0069899559021
0,265522956848145
5,40079116821289
6,36798095703125
-9,38434982299805
9,18621826171875
-0,0773105621337891
-7,30344772338867
2,390793800354
2,6921603679657
4,63051986694336
4,86485242843628
3,09759330749512
-0,341562271118164
0,235148429870605
-3,53150463104248
-7,94677305221558
0,839019775390625
-2,78408908843994
6,88177299499512
1,25268077850342
0,76038932800293
3,95141577720642
9,9598331451416
-2,58108043670654
5,7040548324585
-1,14757442474365
4,00367498397827
9,66255569458008
9,00018215179443
-1,14594841003418
-0,550509452819824
-3,51606941223145
-9,93373107910156
-0,862454414367676
-9,97463989257813
9,47881889343262
5,03419876098633
8,21427154541016
0,877589225769043
4,88665342330933
3,4359405040741
0,78604793548584
7,12494325637817
5,53834915161133
0,267163276672363
3,62715911865234
4,46545124053955
-7,22984313964844
1,50598621368408
0,948210716247559
-4,7780647277832
-3,7317476272583
0,574794769287109
-4,92146396636963
3,35291624069214
-5,61190414428711
3,82176160812378
-3,7996997833252
-4,23775100708008
-3,13433265686035
-2,66822719573975
-3,66070175170898
-1,13669776916504
5,67394256591797
-9,54069137573242
8,3864688873291
9,84226608276367
7,52116918563843
-9,5142765045166
-6,38126564025879
-4,47346115112305
9,67537307739258
8,721022605896
3,10109114646912
8,23619651794434
3,63686323165894
-5,42819499969482
5,80045223236084
-8,90032196044922
5,33971309661865
-9,62826156616211
4,5826244354248
5,1879711151123
-0,129465103149414
-9,82304382324219
7,69919919967651
-6,5152759552002
1,18389987945557
-0,581645011901855
-9,10683822631836
-4,54325103759766
-5,52460479736328
3,70263814926147
-7,11990547180176
1,55334568023682
9,2205810546875
-4,16659450531006
-8,0917911529541
0,643001556396484
-0,702084541320801
2,24287605285645
-7,57052612304688
-6,43133592605591
8,95490455627441
7,3116660118103
9,7896671295166
4,99728202819824
9,70413017272949
4,78188514709473
7,72313117980957
-7,05260801315308
9,93984985351563
-2,56733989715576
9,52594757080078
-1,58704662322998
-2,05107116699219
3,85236239433289
-9,39199256896973
7,40326356887817
7,15203046798706
4,87534284591675
7,0576000213623
-5,43596076965332
-6,696448802948
4,81033086776733
5,01005887985229
1,44681358337402
6,81394147872925
-0,910662651062012
5,47760725021362
2,53877401351929
-8,63957214355469
1,59898853302002
-8,48172760009766
-9,83683395385742
-4,54856014251709
-8,51180267333984
1,76363086700439
-8,96350860595703
-0,473671913146973
5,98820447921753
5,20544242858887
-7,59246635437012
-4,62476825714111
0,994199752807617
-9,80632400512695
5,01359176635742
-6,127037525177
7,27829933166504
1,76816558837891
8,23218154907227
5,08986663818359
-8,3146858215332
-9,30715560913086
4,39120054244995
-6,94787788391113
-6,42811584472656
-5,85418891906738
7,62869834899902
-7,53831100463867
-0,61308765411377
-2,16603374481201
-1,98445415496826
-9,6312141418457
2,46511554718018
-2,65474700927734
4,82256889343262
-4,18238735198975
0,907093048095703
-2,92376136779785
5,77860355377197
-3,79031562805176
-1,29134750366211
5,56805801391602
4,7860860824585
-2,13995361328125
6,12374067306519
-9,17438697814941
-2,64891529083252
1,52110481262207
-1,25675106048584
5,08891820907593
-7,12544250488281
-8,50967216491699
1,31569766998291
3,82515668869019
-2,36633682250977
1,88793087005615
-0,558429718017578
-4,2058744430542
1,30470180511475
9,19053077697754
-5,09102058410645
7,60667562484741
8,44448471069336
0,492330551147461
3,65539741516113
-7,34492111206055
1,85272789001465
-4,44414043426514
-0,388950347900391
0,184778213500977
5,8466625213623
4,44120168685913
-8,41493988037109
-1,03814220428467
-6,97669219970703
-5,35801887512207
2,12256050109863
2,17848873138428
-2,12764644622803
5,86874198913574
-5,98065376281738
-4,62092018127441
-4,34359455108643
0,230332374572754
-6,73417615890503
9,06063079833984
8,71181678771973
-5,60234069824219
8,46304130554199
6,98347806930542
3,22147822380066
-5,77874946594238
0,429945945739746
-7,05453872680664
-9,6163330078125
-8,18689346313477
3,6650538444519
-3,79074478149414
-5,60141754150391
-4,41809272766113
1,3539514541626
-1,53534507751465
7,22206544876099
6,77501678466797
4,83188629150391
5,0635027885437
-7,27798461914063
-8,85322952270508
-4,45784950256348
-9,5390625
-5,27042579650879
2,71149611473083
7,77676773071289
-3,9576587677002
5,81632137298584
-5,56240272521973
9,90126419067383
1,51726818084717
2,35557174682617
